0	3.525			
0.008	3.8491			
0.017	4.1044			
0.025	4.2577			
0.033	4.2681			
0.042	4.0989			
0.05	3.7334			
0.058	3.1905			
0.067	2.5352			
0.075	1.88			
0.083	1.3742			
0.092	1.1798			
0.1	1.4379			
0.108	2.2316			
0.117	3.5543			
0.125	5.2938			
0.133	7.2381			
0.142	9.1054			
0.15	10.595			
0.158	11.443			
0.167	11.481			
0.175	10.665			
0.183	9.082			
0.192	6.9324			
0.2	4.4837			
0.208	2.0198			
0.217	-0.20743			
0.225	-2.0118			
0.233	-3.2882			
0.242	-4.0097			
0.25	-4.2115			
0.258	-3.9693			
0.267	-3.3771			
0.275	-2.531			
0.283	-1.5193			
0.292	-0.41919			
0.3	0.70167			
0.308	1.7826			
0.317	2.7681			
0.325	3.6091			
0.333	4.2663			
0.342	4.7163			
0.35	4.9555			
0.358	5.0025			
0.367	4.8956			
0.375	4.6867			
0.383	4.4325			
0.392	4.1854			
0.4	3.9862			
0.408	3.8597			
0.417	3.8143			
0.425	3.8441			
0.433	3.9327			
0.442	4.0573			
0.45	4.1921			
0.458	4.3119			
0.467	4.3946			
0.475	4.4236			
0.483	4.39			
0.492	4.2934			
0.5	4.1421			
0.508	3.9513			
0.517	3.7396			
0.525	3.5249			
0.533	3.3204			
0.542	3.1315			
0.55	2.9548			
0.558	2.7794			
0.567	2.589			
0.575	2.3666			
0.583	2.0971			
0.592	1.7706			
0.6	1.3831			
0.608	0.93607			
0.617	0.43491			
0.625	-0.11367			
0.633	-0.70363			
0.642	-1.331			
0.65	-1.9942			
0.658	-2.6925			
0.667	-3.4245			
0.675	-4.1859			
0.683	-4.9672			
0.692	-5.7527			
0.7	-6.5215			
0.708	-7.2482			
0.717	-7.9059			
0.725	-8.4696			
0.733	-8.9192			
0.742	-9.2419			
0.75	-9.4323			
0.758	-9.491			
0.767	-9.4211			
0.775	-9.2239			
0.783	-8.8959			
0.792	-8.4271			
0.8	-7.8024			
0.808	-7.0061			
0.817	-6.0281			
0.825	-4.8715			
0.833	-3.5598			
0.842	-2.1414			
0.85	-0.69095			
0.858	0.69525			
0.867	1.9089			
0.875	2.8447			
0.883	3.4175			
0.892	3.579			
0.9	3.3281			
0.908	2.7143			
0.917	1.8305			
0.925	0.79699			
0.933	-0.25827			
0.942	-1.2208			
0.95	-2.0057			
0.958	-2.5673			
0.967	-2.8997			
0.975	-3.0321			
0.983	-3.018			
0.992	-2.9241			
1	-2.8187			
1.008	-2.7618			
1.017	-2.7982			
1.025	-2.9524			
1.033	-3.2267			
1.042	-3.6023			
1.05	-4.0422			
1.058	-4.4969			
1.067	-4.9114			
1.075	-5.2329			
1.083	-5.4179			
1.092	-5.4383			
1.1	-5.285			
1.108	-4.9683			
1.117	-4.516			
1.125	-3.9687			
1.133	-3.3728			
1.142	-2.7733			
1.15	-2.2065			
1.158	-1.6953			
1.167	-1.2474			
1.175	-0.8576			
1.183	-0.5126			
1.192	-0.19737			
1.2	0.099077			
1.208	0.38049			
1.217	0.64343			
1.225	0.88014			
1.233	1.0827			
1.242	1.247			
1.25	1.3742			
1.258	1.4706			
1.267	1.5454			
1.275	1.6075			
1.283	1.6639			
1.292	1.7184			
1.3	1.7721			
1.308	1.8237			
1.317	1.8697			
1.325	1.9036			
1.333	1.9149			
1.342	1.8886			
1.35	1.8079			
1.358	1.6593			
1.367	1.4408			
1.375	1.1709			
1.383	0.89543			
1.392	0.68873			
1.4	0.64573			
1.408	0.8656			
1.417	1.4285			
1.425	2.3703			
1.433	3.6626			
1.442	5.2035			
1.45	6.8242			
1.458	8.3119			
1.467	9.445			
1.475	10.034			
1.483	9.9571			
1.492	9.1861			
1.5	7.7908			
1.508	5.9268			
1.517	3.8078			
1.525	1.6691			
1.533	-0.26849			
1.542	-1.8273			
1.55	-2.8907			
1.558	-3.409			
1.567	-3.3944			
1.575	-2.9097			
1.583	-2.0538			
1.592	-0.94631			
1.6	0.28689			
1.608	1.5259			
1.617	2.6677			
1.625	3.6344			
1.633	4.3781			
1.642	4.8826			
1.65	5.1604			
1.658	5.2461			
1.667	5.1874			
1.675	5.036			
1.683	4.8395			
1.692	4.6371			
1.7	4.4573			
1.708	4.3189			
1.717	4.2324			
1.725	4.2014			
1.733	4.2229			
1.742	4.2874			
1.75	4.3783			
1.758	4.4735			
1.767	4.5477			
1.775	4.5763			
1.783	4.5397			
1.792	4.4271			
1.8	4.2389			
1.808	3.9865			
1.817	3.6894			
1.825	3.3712			
1.833	3.0546			
1.842	2.7563			
1.85	2.4836			
1.858	2.2328			
1.867	1.9896			
1.875	1.7321			
1.883	1.4336			
1.892	1.0684			
1.9	0.61525			
1.908	0.062163			
1.917	-0.59136			
1.925	-1.3333			
1.933	-2.1406			
1.942	-2.9816			
1.95	-3.8215			
1.958	-4.626			
1.967	-5.3669			
1.975	-6.0244			
1.983	-6.5893			
1.992	-7.0615			
2	-7.4483			
2.008	-7.7606			
2.017	-8.0089			
2.025	-8.2003			
2.033	-8.3364			
2.042	-8.4125			
2.05	-8.419			
2.058	-8.3424			
2.067	-8.1667			
2.075	-7.8753			
2.083	-7.452			
2.092	-6.8824			
2.1	-6.1563			
2.108	-5.2714			
2.117	-4.2369			
2.125	-3.0775			
2.133	-1.8367			
2.142	-0.57644			
2.15	0.62562			
2.158	1.6833			
2.167	2.5121			
2.175	3.0414			
2.183	3.2259			
2.192	3.0543			
2.2	2.5536			
2.208	1.7871			
2.217	0.84676			
2.225	-0.15907			
2.233	-1.12			
2.242	-1.9386			
2.25	-2.542			
2.258	-2.8915			
2.267	-2.985			
2.275	-2.856			
2.283	-2.5673			
2.292	-2.2011			
2.3	-1.847			
2.308	-1.5892			
2.317	-1.4947			
2.325	-1.6051			
2.333	-1.9309			
2.342	-2.451			
2.35	-3.1173			
2.358	-3.8613			
2.367	-4.6049			
2.375	-5.2699			
2.383	-5.7882			
2.392	-6.1081			
2.4	-6.1992			
2.408	-6.0541			
2.417	-5.6878			
2.425	-5.1357			
2.433	-4.4497			
2.442	-3.6922			
2.45	-2.9286			
2.458	-2.2191			
2.467	-1.6098			
2.475	-1.1267			
2.483	-0.77324			
2.492	-0.53179			
2.5	-0.37024			
2.508	-0.25074			
2.517	-0.13892			
2.525	-0.010962			
2.533	0.14312			
2.542	0.32062			
2.55	0.51077			
2.558	0.70105			
2.567	0.88293			
2.575	1.0553			
2.583	1.2243			
2.592	1.4005			
2.6	1.5935			
2.608	1.807			
2.617	2.0353			
2.625	2.2627			
2.633	2.4658			
2.642	2.6181			
2.65	2.6961			
2.658	2.6849			
2.667	2.5837			
2.675	2.4093			
2.683	2.1983			
2.692	2.0055			
2.7	1.8993			
2.708	1.9516			
2.717	2.2249			
2.725	2.7567			
2.733	3.5459			
2.742	4.5442			
2.75	5.6559			
2.758	6.7482			
2.767	7.6696			
2.775	8.2747			
2.783	8.4503			
2.792	8.1362			
2.8	7.3376			
2.808	6.1253			
2.817	4.6225			
2.825	2.9839			
2.833	1.3686			
2.842	-0.084067			
2.85	-1.2721			
2.858	-2.139			
2.867	-2.6713			
2.875	-2.8887			
2.883	-2.8305			
2.892	-2.5435			
2.9	-2.0729			
2.908	-1.4586			
2.917	-0.73592			
2.925	0.061607			
2.933	0.89941			
2.942	1.7403			
2.95	2.5448			
2.958	3.2738			
2.967	3.8914			
2.975	4.3694			
2.983	4.6904			
2.992	4.8509			
3	4.8629			
3.008	4.7536			
3.017	4.5625			
3.025	4.3373			
3.033	4.1276			
3.042	3.9769			
3.05	3.9166			
3.058	3.9595			
3.067	4.098			
3.075	4.3043			
3.083	4.536			
3.092	4.7436			
3.1	4.88			
3.108	4.9102			
3.117	4.8177			
3.125	4.6075			
3.133	4.3037			
3.142	3.9438			
3.15	3.5701			
3.158	3.2204			
3.167	2.9218			
3.175	2.6862			
3.183	2.5105			
3.192	2.3787			
3.2	2.2662			
3.208	2.1436			
3.217	1.9808			
3.225	1.7511			
3.233	1.4335			
3.242	1.016			
3.25	0.49739			
3.258	-0.11283			
3.267	-0.79558			
3.275	-1.5253			
3.283	-2.2738			
3.292	-3.0148			
3.3	-3.7264			
3.308	-4.3941			
3.317	-5.0104			
3.325	-5.5746			
3.333	-6.0903			
3.342	-6.5628			
3.35	-6.9966			
3.358	-7.3921			
3.367	-7.7448			
3.375	-8.0451			
3.383	-8.2796			
3.392	-8.4342			
3.4	-8.4966			
3.408	-8.4583			
3.417	-8.3147			
3.425	-8.0629			
3.433	-7.6983			
3.442	-7.2105			
3.45	-6.5814			
3.458	-5.7875			
3.467	-4.8055			
3.475	-3.6235			
3.483	-2.2528			
3.492	-0.73897			
3.5	0.83396			
3.508	2.3467			
3.517	3.6585			
3.525	4.6295			
3.533	5.1462			
3.542	5.1462			
3.55	4.6339			
3.558	3.6838			
3.567	2.4297			
3.575	1.0415			
3.583	-0.30322			
3.592	-1.4491			
3.6	-2.2854			
3.608	-2.7587			
3.617	-2.874			
3.625	-2.6863			
3.633	-2.2851			
3.642	-1.7762			
3.65	-1.2646			
3.658	-0.83997			
3.667	-0.56802			
3.675	-0.48658			
3.683	-0.60663			
3.692	-0.91671			
3.7	-1.3891			
3.708	-1.9863			
3.717	-2.6668			
3.725	-3.3886			
3.733	-4.1115			
3.742	-4.7976			
3.75	-5.4106			
3.758	-5.9164			
3.767	-6.2834			
3.775	-6.4849			
3.783	-6.5021			
3.792	-6.3278			
3.8	-5.9694			
3.808	-5.4501			
3.817	-4.8077			
3.825	-4.0907			
3.833	-3.3525			
3.842	-2.6435			
3.85	-2.0037			
3.858	-1.4572			
3.867	-1.0101			
3.875	-0.65205			
3.883	-0.36146			
3.892	-0.1127			
3.9	0.11634			
3.908	0.33884			
3.917	0.55696			
3.925	0.76363			
3.933	0.94748			
3.942	1.099			
3.95	1.2161			
3.958	1.3062			
3.967	1.3856			
3.975	1.4749			
3.983	1.5925			
3.992	1.7486			
4	1.9414			
4.008	2.1567			
4.017	2.37			
4.025	2.5513			
4.033	2.6714			
4.042	2.7071			
4.05	2.6464			
4.058	2.4915			
4.067	2.261			
4.075	1.9898			
4.083	1.7278			
4.092	1.5354			
4.1	1.4767			
4.108	1.6112			
4.117	1.9833			
4.125	2.6121			
4.133	3.4839			
4.142	4.5481			
4.15	5.7196			
4.158	6.888			
4.167	7.9317			
4.175	8.7366			
4.183	9.2134			
4.192	9.3121			
4.2	9.0299			
4.208	8.4105			
4.217	7.5365			
4.225	6.5157			
4.233	5.4637			
4.242	4.4875			
4.25	3.6716			
4.258	3.0698			
4.267	2.7023			
4.275	2.5595			
4.283	2.6078			
4.292	2.7986			
4.3	3.0775			
4.308	3.3912			
4.317	3.6947			
4.325	3.9541			
4.333	4.149			
4.342	4.2709			
4.35	4.3214			
4.358	4.3082			
4.367	4.242			
4.375	4.1334			
4.383	3.9912			
4.392	3.8218			
4.4	3.629			
4.408	3.414			
4.417	3.1762			
4.425	2.9127			
4.433	2.6191			
4.442	2.2896			
4.45	1.9174			
4.458	1.4964			
4.467	1.0223			
4.475	0.49452			
4.483	-0.082797			
4.492	-0.70065			
4.5	-1.346			
4.508	-2.0035			
4.517	-2.6573			
4.525	-3.2935			
4.533	-3.9004			
4.542	-4.4697			
4.55	-4.9958			
4.558	-5.4749			
4.567	-5.9041			
4.575	-6.2803			
4.583	-6.6004			
4.592	-6.861			
4.6	-7.0593			
4.608	-7.1934			
4.617	-7.2625			
4.625	-7.2673			
4.633	-7.2091			
4.642	-7.0894			
4.65	-6.9088			
4.658	-6.6662			
4.667	-6.3574			
4.675	-5.9743			
4.683	-5.5051			
4.692	-4.9362			
4.7	-4.2554			
4.708	-3.4575			
4.717	-2.55			
4.725	-1.5584			
4.733	-0.52746			
4.742	0.48044			
4.75	1.3926			
4.758	2.1361			
4.767	2.65			
4.775	2.8959			
4.783	2.8653			
4.792	2.5825			
4.8	2.1007			
4.808	1.4936			
4.817	0.84355			
4.825	0.22885			
4.833	-0.28767			
4.842	-0.66599			
4.85	-0.89167			
4.858	-0.97397			
4.867	-0.94046			
4.875	-0.83008			
4.883	-0.68613			
4.892	-0.55074			
4.9	-0.46111			
4.908	-0.44765			
4.917	-0.53322			
4.925	-0.73284			
4.933	-1.0533			
4.942	-1.4925			
4.95	-2.038			
4.958	-2.6665			
4.967	-3.3437			
4.975	-4.0257			
4.983	-4.6622			
4.992	-5.202			
5	-5.599			
5.008	-5.8187			
5.017	-5.8441			
5.025	-5.6793			
5.033	-5.3501			
5.042	-4.9017			
5.05	-4.3926			
5.058	-3.8859			
5.067	-3.4384			
5.075	-3.0896			
5.083	-2.8539			
5.092	-2.7163			
5.1	-2.6365			
5.108	-2.558			
5.117	-2.4228			
5.125	-2.1871			
5.133	-1.8324			
5.142	-1.3715			
5.15	-0.84417			
5.158	-0.30733			
5.167	0.18			
5.175	0.57083			
5.183	0.8406			
5.192	0.99106			
5.2	1.0474			
5.208	1.0499			
5.217	1.0433			
5.225	1.0658			
5.233	1.1419			
5.242	1.2793			
5.25	1.47			
5.258	1.6952			
5.267	1.932			
5.275	2.1587			
5.283	2.3585			
5.292	2.5207			
5.3	2.6398			
5.308	2.7125			
5.317	2.7366			
5.325	2.71			
5.333	2.6319			
5.342	2.5053			
5.35	2.3403			
5.358	2.1551			
5.367	1.977			
5.375	1.8394			
5.383	1.7771			
5.392	1.8206			
5.4	1.9896			
5.408	2.2888			
5.417	2.7051			
5.425	3.2087			
5.433	3.7566			
5.442	4.2987			
5.45	4.7845			
5.458	5.1699			
5.467	5.4233			
5.475	5.5284			
5.483	5.4855			
5.492	5.3095			
5.5	5.0269			
5.508	4.6714			
5.517	4.2791			
5.525	3.8853			
5.533	3.5202			
5.542	3.2068			
5.55	2.9594			
5.558	2.7827			
5.567	2.6737			
5.575	2.6241			
5.583	2.6234			
5.592	2.6619			
5.6	2.7325			
5.608	2.8309			
5.617	2.9554			
5.625	3.1048			
5.633	3.2776			
5.642	3.4698			
5.65	3.6746			
5.658	3.8814			
5.667	4.0758			
5.675	4.2407			
5.683	4.3575			
5.692	4.4093			
5.7	4.383			
5.708	4.2727			
5.717	4.0815			
5.725	3.8211			
5.733	3.511			
5.742	3.1742			
5.75	2.8335			
5.758	2.507			
5.767	2.2052			
5.775	1.9297			
5.783	1.6739			
5.792	1.4245			
5.8	1.1643			
5.808	0.87552			
5.817	0.54252			
5.825	0.15393			
5.833	-0.29568			
5.842	-0.80528			
5.85	-1.3676			
5.858	-1.97			
5.867	-2.5961			
5.875	-3.227			
5.883	-3.8429			
5.892	-4.4242			
5.9	-4.9525			
5.908	-5.4118			
5.917	-5.7896			
5.925	-6.079			
5.933	-6.2801			
5.942	-6.4015			
5.95	-6.4597			
5.958	-6.4768			
5.967	-6.4756			
5.975	-6.4734			
5.983	-6.4762			
5.992	-6.4748			
6	-6.4447			
6.008	-6.3501			
6.017	-6.1509			
6.025	-5.8114			
6.033	-5.3077			
6.042	-4.6339			
6.05	-3.8035			
6.058	-2.8489			
6.067	-1.8188			
6.075	-0.77329			
6.083	0.22103			
6.092	1.0977			
6.1	1.7974			
6.108	2.2752			
6.117	2.5069			
6.125	2.4936			
6.133	2.2622			
6.142	1.8612			
6.15	1.3523			
6.158	0.8004			
6.167	0.26185			
6.175	-0.2232			
6.183	-0.6348			
6.192	-0.97169			
6.2	-1.2459			
6.208	-1.4754			
6.217	-1.6778			
6.225	-1.8658			
6.233	-2.0469			
6.242	-2.2243			
6.25	-2.3995			
6.258	-2.5743			
6.267	-2.7511			
6.275	-2.9323			
6.283	-3.1186			
6.292	-3.3067			
6.3	-3.4895			
6.308	-3.6564			
6.317	-3.7957			
6.325	-3.8982			
6.333	-3.9599			
6.342	-3.9842			
6.35	-3.9809			
6.358	-3.9624			
6.367	-3.939			
6.375	-3.9134			
6.383	-3.8778			
6.392	-3.815			
6.4	-3.7031			
6.408	-3.5221			
6.417	-3.2618			
6.425	-2.9252			
6.433	-2.5298			
6.442	-2.103			
6.45	-1.6758			
6.458	-1.276			
6.467	-0.92264			
6.475	-0.62383			
6.483	-0.3776			
6.492	-0.17534			
6.5	-0.0060316			
6.508	0.14016			
6.517	0.27028			
6.525	0.3891			
6.533	0.50117			
6.542	0.61311			
6.55	0.73482			
6.558	0.8787			
6.567	1.057			
6.575	1.2778			
6.583	1.5417			
6.592	1.8387			
6.6	2.1488			
6.608	2.4443			
6.617	2.6945			
6.625	2.8723			
6.633	2.9604			
6.642	2.9563			
6.65	2.874			
6.658	2.7433			
6.667	2.6058			
6.675	2.509			
6.683	2.5001			
6.692	2.6193			
6.7	2.8941			
6.708	3.3345			
6.717	3.9296			
6.725	4.6457			
6.733	5.4274			
6.742	6.2031			
6.75	6.8926			
6.758	7.4193			
6.767	7.7217			
6.775	7.7636			
6.783	7.5405			
6.792	7.0795			
6.8	6.4348			
6.808	5.6773			
6.817	4.8838			
6.825	4.1247			
6.833	3.4559			
6.842	2.9136			
6.85	2.5143			
6.858	2.2584			
6.867	2.1352			
6.875	2.1288			
6.883	2.2224			
6.892	2.3994			
6.9	2.6432			
6.908	2.9354			
6.917	3.2548			
6.925	3.5768			
6.933	3.8755			
6.942	4.1269			
6.95	4.3119			
6.958	4.4192			
6.967	4.4467			
6.975	4.4003			
6.983	4.2918			
6.992	4.1354			
7	3.9443			
7.008	3.7272			
7.017	3.4875			
7.025	3.2225			
7.033	2.9257			
7.042	2.5889			
7.05	2.2051			
7.058	1.7704			
7.067	1.2852			
7.075	0.75373			
7.083	0.18395			
7.092	-0.41414			
7.1	-1.0295			
7.108	-1.6514			
7.117	-2.2699			
7.125	-2.8768			
7.133	-3.4656			
7.142	-4.0307			
7.15	-4.5667			
7.158	-5.0675			
7.167	-5.5256			
7.175	-5.9321			
7.183	-6.278			
7.192	-6.5546			
7.2	-6.7558			
7.208	-6.8786			
7.217	-6.9235			
7.225	-6.8939			
7.233	-6.7959			
7.242	-6.6364			
7.25	-6.4232			
7.258	-6.1637			
7.267	-5.8646			
7.275	-5.5313			
7.283	-5.1669			
7.292	-4.7709			
7.3	-4.3389			
7.308	-3.8626			
7.317	-3.3309			
7.325	-2.7329			
7.333	-2.0622			
7.342	-1.3211			
7.35	-0.52536			
7.358	0.29374			
7.367	1.0898			
7.375	1.8058			
7.383	2.3821			
7.392	2.7658			
7.4	2.9209			
7.408	2.835			
7.417	2.5218			
7.425	2.0186			
7.433	1.38			
7.442	0.66822			
7.45	-0.055416			
7.458	-0.73821			
7.467	-1.3404			
7.475	-1.8367			
7.483	-2.2157			
7.492	-2.4781			
7.5	-2.6344			
7.508	-2.7031			
7.517	-2.7082			
7.525	-2.6773			
7.533	-2.6388			
7.542	-2.6193			
7.55	-2.6409			
7.558	-2.7181			
7.567	-2.8565			
7.575	-3.0525			
7.583	-3.2937			
7.592	-3.5615			
7.6	-3.8339			
7.608	-4.0884			
7.617	-4.3047			
7.625	-4.466			
7.633	-4.5594			
7.642	-4.576			
7.65	-4.5112			
7.658	-4.3641			
7.667	-4.1393			
7.675	-3.8471			
7.683	-3.5033			
7.692	-3.1284			
7.7	-2.7444			
7.708	-2.3712			
7.717	-2.0233			
7.725	-1.7079			
7.733	-1.4247			
7.742	-1.1676			
7.75	-0.92752			
7.758	-0.69536			
7.767	-0.46443			
7.775	-0.2314			
7.783	0.0037339			
7.792	0.23847			
7.8	0.4691			
7.808	0.69189			
7.817	0.9041			
7.825	1.1046			
7.833	1.2941			
7.842	1.4749			
7.85	1.6505			
7.858	1.8235			
7.867	1.9941			
7.875	2.1577			
7.883	2.3031			
7.892	2.4133			
7.9	2.4678			
7.908	2.4492			
7.917	2.3501			
7.925	2.1804			
7.933	1.9719			
7.942	1.7776			
7.95	1.6652			
7.958	1.7063			
7.967	1.9621			
7.975	2.4701			
7.983	3.233			
7.992	4.2141			
8	5.338			
8.008	6.4991			
8.017	7.5754			
8.025	8.4465			
8.033	9.0118			
8.042	9.2075			
8.05	9.0158			
8.058	8.4676			
8.067	7.6347			
8.075	6.6164			
8.083	5.5217			
8.092	4.4528			
8.1	3.4921			
8.108	2.6956			
8.117	2.0918			
8.125	1.6852			
8.133	1.4622			
8.142	1.3983			
8.15	1.4644			
8.158	1.6322			
8.167	1.877			
8.175	2.1785			
8.183	2.5186			
8.192	2.8798			
8.2	3.2425			
8.208	3.5843			
8.217	3.882			
8.225	4.1141			
8.233	4.2643			
8.242	4.3243			
8.25	4.2955			
8.258	4.1882			
8.267	4.0198			
8.275	3.8111			
8.283	3.5824			
8.292	3.35			
8.3	3.1232			
8.308	2.9037			
8.317	2.6861			
8.325	2.4599			
8.333	2.2122			
8.342	1.9301			
8.35	1.603			
8.358	1.2231			
8.367	0.78699			
8.375	0.29523			
8.383	-0.24734			
8.392	-0.83184			
8.4	-1.4459			
8.408	-2.0745			
8.417	-2.7017			
8.425	-3.3118			
8.433	-3.892			
8.442	-4.4329			
8.45	-4.9293			
8.458	-5.3793			
8.467	-5.7822			
8.475	-6.1363			
8.483	-6.4365			
8.492	-6.6736			
8.5	-6.835			
8.508	-6.9074			
8.517	-6.8799			
8.525	-6.7477			
8.533	-6.5144			
8.542	-6.1923			
8.55	-5.8009			
8.558	-5.3633			
8.567	-4.9027			
8.575	-4.4388			
8.583	-3.9855			
8.592	-3.5502			
8.6	-3.1344			
8.608	-2.7351			
8.617	-2.3463			
8.625	-1.9612			
8.633	-1.574			
8.642	-1.1813			
8.65	-0.78385			
8.658	-0.38733			
8.667	-0.0025969			
8.675	0.35509			
8.683	0.66818			
8.692	0.91987			
8.7	1.0976			
8.708	1.196			
8.717	1.2187			
8.725	1.1778			
8.733	1.0922			
8.742	0.9835			
8.75	0.87269			
8.758	0.77648			
8.767	0.7053			
8.775	0.66227			
8.783	0.64343			
8.792	0.63843			
8.8	0.63175			
8.808	0.60429			
8.817	0.53539			
8.825	0.40548			
8.833	0.19917			
8.842	-0.091665			
8.85	-0.46546			
8.858	-0.90996			
8.867	-1.4031			
8.875	-1.916			
8.883	-2.4172			
8.892	-2.8782			
8.9	-3.2773			
8.908	-3.6031			
8.917	-3.855			
8.925	-4.0418			
8.933	-4.1779			
8.942	-4.2793			
8.95	-4.3592			
8.958	-4.425			
8.967	-4.4772			
8.975	-4.5105			
8.983	-4.5164			
8.992	-4.487			
9	-4.4175			
9.008	-4.3075			
9.017	-4.1613			
9.025	-3.9854			
9.033	-3.7867			
9.042	-3.5703			
9.05	-3.3379			
9.058	-3.0888			
9.067	-2.8203			
9.075	-2.53			
9.083	-2.2171			
9.092	-1.8837			
9.1	-1.5342			
9.108	-1.1751			
9.117	-0.81343			
9.125	-0.4561			
9.133	-0.1097			
9.142	0.21941			
9.15	0.5251			
9.158	0.8019			
9.167	1.0463			
9.175	1.2582			
9.183	1.4424			
9.192	1.6083			
9.2	1.768			
9.208	1.9329			
9.217	2.1092			
9.225	2.2942			
9.233	2.4737			
9.242	2.6233			
9.25	2.7117			
9.258	2.7075			
9.267	2.587			
9.275	2.3423			
9.283	1.9881			
9.292	1.5651			
9.3	1.1404			
9.308	0.80203			
9.317	0.64968			
9.325	0.77955			
9.333	1.2669			
9.342	2.148			
9.35	3.4047			
9.358	4.958			
9.367	6.6707			
9.375	8.3643			
9.383	9.8454			
9.392	10.938			
9.4	11.514			
9.408	11.518			
9.417	10.974			
9.425	9.9802			
9.433	8.6861			
9.442	7.2658			
9.45	5.8873			
9.458	4.6874			
9.467	3.7566			
9.475	3.1331			
9.483	2.8079			
9.492	2.7357			
9.5	2.8494			
9.508	3.0755			
9.517	3.347			
9.525	3.6113			
9.533	3.8343			
9.542	3.9983			
9.55	4.0974			
9.558	4.1311			
9.567	4.0991			
9.575	3.9985			
9.583	3.8236			
9.592	3.5691			
9.6	3.2333			
9.608	2.822			
9.617	2.3497			
9.625	1.8383			
9.633	1.3139			
9.642	0.8016			
9.65	0.32082			
9.658	-0.11832			
9.667	-0.51595			
9.675	-0.88119			
9.683	-1.2287			
9.692	-1.5746			
9.7	-1.9322			
9.708	-2.3092			
9.717	-2.707			
9.725	-3.1204			
9.733	-3.5402			
9.742	-3.9548			
9.75	-4.3532			
9.758	-4.726			
9.767	-5.0662			
9.775	-5.369			
9.783	-5.631			
9.792	-5.8496			
9.8	-6.0221			
9.808	-6.146			
9.817	-6.2194			
9.825	-6.241			
9.833	-6.2101			
9.842	-6.1262			
9.85	-5.9877			
9.858	-5.7917			
9.867	-5.5333			
9.875	-5.2069			
9.883	-4.8074			
9.892	-4.3321			
9.9	-3.782			
9.908	-3.1627			
9.917	-2.486			
9.925	-1.7698			
9.933	-1.0397			
9.942	-0.32869			
9.95	0.32469			
9.958	0.87949			
9.967	1.298			
9.975	1.5521			
9.983	1.6295			
9.992	1.537			
10	1.3014			
10.008	0.9663			
10.017	0.58584			
10.025	0.21665			
10.033	-0.090361			
10.042	-0.29711			
10.05	-0.38331			
10.058	-0.34878			
10.067	-0.21305			
10.075	-0.01227			
10.083	0.2061			
10.092	0.3903			
10.1	0.49211			
10.108	0.47428			
10.117	0.31637			
10.125	0.017643			
10.133	-0.40325			
10.142	-0.91202			
10.15	-1.4649			
10.158	-2.0159			
10.167	-2.5236			
10.175	-2.9569			
10.183	-3.2969			
10.192	-3.5381			
10.2	-3.6858			
10.208	-3.754			
10.217	-3.7618			
10.225	-3.7308			
10.233	-3.6836			
10.242	-3.6413			
10.25	-3.6222			
10.258	-3.6391			
10.267	-3.6977			
10.275	-3.7949			
10.283	-3.9183			
10.292	-4.0481			
10.3	-4.1592			
10.308	-4.2249			
10.317	-4.2208			
10.325	-4.1282			
10.333	-3.9369			
10.342	-3.6468			
10.35	-3.2694			
10.358	-2.8265			
10.367	-2.3484			
10.375	-1.8693			
10.383	-1.4218			
10.392	-1.0316			
10.4	-0.71263			
10.408	-0.46578			
10.417	-0.27986			
10.425	-0.13542			
10.433	-0.0097426			
10.442	0.11805			
10.45	0.26317			
10.458	0.43304			
10.467	0.62692			
10.475	0.83702			
10.483	1.0503			
10.492	1.2506			
10.5	1.4208			
10.508	1.5442			
10.517	1.607			
10.525	1.6007			
10.533	1.5253			
10.542	1.3949			
10.55	1.2431			
10.558	1.1276			
10.567	1.1311			
10.575	1.3548			
10.583	1.9024			
10.592	2.8571			
10.6	4.253			
10.608	6.051			
10.617	8.1263			
10.625	10.275			
10.633	12.242			
10.642	13.763			
10.65	14.62			
10.658	14.685			
10.667	13.948			
10.675	12.517			
10.683	10.603			
10.692	8.4656			
10.7	6.3737			
10.708	4.5527			
10.717	3.1545			
10.725	2.2439			
10.733	1.8042			
10.742	1.7559			
10.75	1.9829			
10.758	2.3592			
10.767	2.7705			
10.775	3.1288			
10.783	3.379			
10.792	3.4989			
10.8	3.4935			
10.808	3.3872			
10.817	3.214			
10.825	3.009			
10.833	2.8005			
10.842	2.6059			
10.85	2.4292			
10.858	2.263			
10.867	2.0916			
10.875	1.8959			
10.883	1.6589			
10.892	1.3686			
10.9	1.021			
10.908	0.61988			
10.917	0.17569			
10.925	-0.29732			
10.933	-0.78405			
10.942	-1.2715			
10.95	-1.7506			
10.958	-2.217			
10.967	-2.6701			
10.975	-3.1111			
10.983	-3.5404			
10.992	-3.955			
11	-4.3477			
11.008	-4.7066			
11.017	-5.0173			
11.025	-5.2659			
11.033	-5.4431			
11.042	-5.5471			
11.05	-5.5849			
11.058	-5.5714			
11.067	-5.5264			
11.075	-5.4698			
11.083	-5.4173			
11.092	-5.3776			
11.1	-5.3509			
11.108	-5.33			
11.117	-5.302			
11.125	-5.2507			
11.133	-5.1581			
11.142	-5.0058			
11.15	-4.7757			
11.158	-4.4512			
11.167	-4.0186			
11.175	-3.4705			
11.183	-2.808			
11.192	-2.045			
11.2	-1.2096			
11.208	-0.34501			
11.217	0.49332			
11.225	1.2433			
11.233	1.8445			
11.242	2.2483			
11.25	2.4265			
11.258	2.3768			
11.267	2.1249			
11.275	1.7197			
11.283	1.226			
11.292	0.71301			
11.3	0.24357			
11.308	-0.13509			
11.317	-0.39723			
11.325	-0.54018			
11.333	-0.58163			
11.342	-0.55361			
11.35	-0.49442			
11.358	-0.44038			
11.367	-0.4192			
11.375	-0.44618			
11.383	-0.52402			
11.392	-0.64567			
11.4	-0.79926			
11.408	-0.97328			
11.417	-1.1606			
11.425	-1.3604			
11.433	-1.5773			
11.442	-1.8193			
11.45	-2.0947			
11.458	-2.4091			
11.467	-2.7634			
11.475	-3.1534			
11.483	-3.5697			
11.492	-3.9981			
11.5	-4.4207			
11.508	-4.8154			
11.517	-5.1573			
11.525	-5.4193			
11.533	-5.5748			
11.542	-5.6013			
11.55	-5.4849			
11.558	-5.225			
11.567	-4.837			
11.575	-4.3527			
11.583	-3.8166			
11.592	-3.279			
11.6	-2.7873			
11.608	-2.3764			
11.617	-2.0616			
11.625	-1.8361			
11.633	-1.6734			
11.642	-1.535			
11.65	-1.3815			
11.658	-1.1833			
11.667	-0.92831			
11.675	-0.6242			
11.683	-0.29458			
11.692	0.029152			
11.7	0.31776			
11.708	0.5525			
11.717	0.72946			
11.725	0.85876			
11.733	0.95949			
11.742	1.0521			
11.75	1.1514			
11.758	1.2613			
11.767	1.3747			
11.775	1.4767			
11.783	1.5504			
11.792	1.5847			
11.8	1.5794			
11.808	1.5493			
11.817	1.5241			
11.825	1.5463			
11.833	1.6674			
11.842	1.9423			
11.85	2.4216			
11.858	3.1422			
11.867	4.1159			
11.875	5.318			
11.883	6.6799			
11.892	8.0892			
11.9	9.3992			
11.908	10.45			
11.917	11.096			
11.925	11.235			
11.933	10.831			
11.942	9.9227			
11.95	8.6176			
11.958	7.0734			
11.967	5.4663			
11.975	3.9604			
11.983	2.6822			
11.992	1.7064			
12	1.0552			
12.008	0.70758			
12.017	0.61613			
12.025	0.72359			
12.033	0.97607			
12.042	1.3299			
12.05	1.7526			
12.058	2.2191			
12.067	2.7076			
12.075	3.1953			
12.083	3.657			
12.092	4.0666			
12.1	4.4005			
12.108	4.6406			
12.117	4.7781			
12.125	4.8141			
12.133	4.7597			
12.142	4.6326			
12.15	4.4537			
12.158	4.2428			
12.167	4.015			
12.175	3.778			
12.183	3.5321			
12.192	3.2704			
12.2	2.9815			
12.208	2.6517			
12.217	2.2683			
12.225	1.8216			
12.233	1.3071			
12.242	0.72613			
12.25	0.086628			
12.258	-0.59805			
12.267	-1.3104			
12.275	-2.0309			
12.283	-2.7404			
12.292	-3.4218			
12.3	-4.0611			
12.308	-4.648			
12.317	-5.1741			
12.325	-5.6323			
12.333	-6.0156			
12.342	-6.3168			
12.35	-6.5298			
12.358	-6.6511			
12.367	-6.6816			
12.375	-6.628			
12.383	-6.5033			
12.392	-6.3257			
12.4	-6.1174			
12.408	-5.9017			
12.417	-5.7			
12.425	-5.5285			
12.433	-5.3941			
12.442	-5.292			
12.45	-5.2038			
12.458	-5.0984			
12.467	-4.9355			
12.475	-4.6719			
12.483	-4.2691			
12.492	-3.7015			
12.5	-2.9629			
12.508	-2.0709			
12.517	-1.0681			
12.525	-0.019216			
12.533	0.99567			
12.542	1.8905			
12.55	2.5853			
12.558	3.0185			
12.567	3.1572			
12.575	3.0025			
12.583	2.5897			
12.592	1.9809			
12.6	1.2533			
12.608	0.48615			
12.617	-0.2521			
12.625	-0.91154			
12.633	-1.4636			
12.642	-1.8991			
12.65	-2.2232			
12.658	-2.4496			
12.667	-2.5961			
12.675	-2.6812			
12.683	-2.7229			
12.692	-2.7388			
12.7	-2.7455			
12.708	-2.7587			
12.717	-2.7922			
12.725	-2.8562			
12.733	-2.9563			
12.742	-3.0912			
12.75	-3.2529			
12.758	-3.4266			
12.767	-3.5936			
12.775	-3.7344			
12.783	-3.8333			
12.792	-3.8812			
12.8	-3.8776			
12.808	-3.8296			
12.817	-3.7493			
12.825	-3.6496			
12.833	-3.5403			
12.842	-3.4251			
12.85	-3.3003			
12.858	-3.1556			
12.867	-2.9765			
12.875	-2.7486			
12.883	-2.4621			
12.892	-2.1163			
12.9	-1.7226			
12.908	-1.3043			
12.917	-0.8937			
12.925	-0.52558			
12.933	-0.23006			
12.942	-0.025389			
12.95	0.086778			
12.958	0.12219			
12.967	0.11075			
12.975	0.089799			
12.983	0.095587			
12.992	0.15503			
13	0.27978			
13.008	0.46429			
13.017	0.6885			
13.025	0.92504			
13.033	1.1493			
13.042	1.3506			
13.05	1.5407			
13.058	1.7583			
13.067	2.0661			
13.075	2.5406			
13.083	3.2555			
13.092	4.261			
13.1	5.5636			
13.108	7.1121			
13.117	8.7937			
13.125	10.444			
13.133	11.871			
13.142	12.885			
13.15	13.342			
13.158	13.166			
13.167	12.37			
13.175	11.053			
13.183	9.3821			
13.192	7.5575			
13.2	5.7782			
13.208	4.2087			
13.217	2.958			
13.225	2.0729			
13.233	1.5437			
13.242	1.3193			
13.25	1.3261			
13.258	1.4855			
13.267	1.7273			
13.275	1.997			
13.283	2.2582			
13.292	2.4905			
13.3	2.686			
13.308	2.8443			
13.317	2.9686			
13.325	3.0618			
13.333	3.1253			
13.342	3.1569			
13.35	3.1526			
13.358	3.1074			
13.367	3.0177			
13.375	2.8828			
13.383	2.7058			
13.392	2.4922			
13.4	2.2484			
13.408	1.9792			
13.417	1.686			
13.425	1.3665			
13.433	1.0157			
13.442	0.62775			
13.45	0.19855			
13.458	-0.27253			
13.467	-0.78166			
13.475	-1.321			
13.483	-1.88			
13.492	-2.4477			
13.5	-3.0135			
13.508	-3.5675			
13.517	-4.0992			
13.525	-4.5966			
13.533	-5.0448			
13.542	-5.4277			
13.55	-5.7304			
13.558	-5.9435			
13.567	-6.0665			
13.575	-6.1097			
13.583	-6.0928			
13.592	-6.0405			
13.6	-5.9771			
13.608	-5.9204			
13.617	-5.8769			
13.625	-5.8403			
13.633	-5.792			
13.642	-5.7051			
13.65	-5.5489			
13.658	-5.2947			
13.667	-4.9208			
13.675	-4.4156			
13.683	-3.7806			
13.692	-3.031			
13.7	-2.1951			
13.708	-1.3131			
13.717	-0.43327			
13.725	0.39238			
13.733	1.1141			
13.742	1.6905			
13.75	2.0935			
13.758	2.3119			
13.767	2.351			
13.775	2.2299			
13.783	1.9771			
13.792	1.6241			
13.8	1.2008			
13.808	0.73139			
13.817	0.23325			
13.825	-0.28223			
13.833	-0.80755			
13.842	-1.3365			
13.85	-1.862			
13.858	-2.3759			
13.867	-2.869			
13.875	-3.3331			
13.883	-3.7621			
13.892	-4.153			
13.9	-4.5055			
13.908	-4.8203			
13.917	-5.0973			
13.925	-5.3334			
13.933	-5.5212			
13.942	-5.6486			
13.95	-5.7006			
13.958	-5.6617			
13.967	-5.5192			
13.975	-5.2672			
13.983	-4.9085			
13.992	-4.4565			
14	-3.9336			
14.008	-3.37			
14.017	-2.7994			
14.025	-2.255			
14.033	-1.7653			
14.042	-1.3494			
14.05	-1.015			
14.058	-0.75773			
14.067	-0.5627			
14.075	-0.40848			
14.083	-0.27217			
14.092	-0.13459			
14.1	0.015772			
14.108	0.18104			
14.117	0.3548			
14.125	0.52515			
14.133	0.67926			
14.142	0.80784			
14.15	0.90855			
14.158	0.9871			
14.167	1.0557			
14.175	1.1291			
14.183	1.2198			
14.192	1.3329			
14.2	1.4642			
14.208	1.6006			
14.217	1.7235			
14.225	1.8145			
14.233	1.8613			
14.242	1.8619			
14.25	1.8271			
14.258	1.7797			
14.267	1.7526			
14.275	1.7854			
14.283	1.921			
14.292	2.1998			
14.3	2.6541			
14.308	3.3002			
14.317	4.1303			
14.325	5.1065			
14.333	6.1587			
14.342	7.1895			
14.35	8.0864			
14.358	8.7388			
14.367	9.0581			
14.375	8.9937			
14.383	8.544			
14.392	7.7573			
14.4	6.723			
14.408	5.5566			
14.417	4.3802			
14.425	3.3029			
14.433	2.4072			
14.442	1.7399			
14.45	1.3127			
14.458	1.1078			
14.467	1.0882			
14.475	1.2088			
14.483	1.4264			
14.492	1.7051			
14.5	2.0192			
14.508	2.3514			
14.517	2.6902			
14.525	3.0258			
14.533	3.3477			
14.542	3.6432			
14.55	3.8978			
14.558	4.097			
14.567	4.2295			
14.575	4.2897			
14.583	4.2791			
14.592	4.2063			
14.6	4.0852			
14.608	3.9314			
14.617	3.7591			
14.625	3.5785			
14.633	3.394			
14.642	3.2042			
14.65	3.002			
14.658	2.7765			
14.667	2.5143			
14.675	2.2014			
14.683	1.8255			
14.692	1.3785			
14.7	0.85796			
14.708	0.26868			
14.717	-0.37788			
14.725	-1.0648			
14.733	-1.7721			
14.742	-2.4794			
14.75	-3.1686			
14.758	-3.8249			
14.767	-4.4371			
14.775	-4.997			
14.783	-5.4975			
14.792	-5.9311			
14.8	-6.2894			
14.808	-6.5634			
14.817	-6.7452			
14.825	-6.83			
14.833	-6.8191			
14.842	-6.7202			
14.85	-6.5474			
14.858	-6.3195			
14.867	-6.0561			
14.875	-5.7746			
14.883	-5.4863			
14.892	-5.1947			
14.9	-4.8947			
14.908	-4.5734			
14.917	-4.2124			
14.925	-3.7913			
14.933	-3.2928			
14.942	-2.7081			
14.95	-2.0419			
14.958	-1.3164			
14.967	-0.57169			
14.975	0.13793			
14.983	0.75145			
14.992	1.212			
15	1.4778			
15.008	1.5315			
15.017	1.3835			
15.025	1.0701			
15.033	0.6453			
15.042	0.1699			
15.05	-0.301			
15.058	-0.72739			
15.067	-1.0896			
15.075	-1.3881			
15.083	-1.6394			
15.092	-1.8688			
15.1	-2.103			
15.108	-2.3638			
15.117	-2.6637			
15.125	-3.005			
15.133	-3.38			
15.142	-3.7737			
15.15	-4.1662			
15.158	-4.5361			
15.167	-4.8626			
15.175	-5.128			
15.183	-5.3184			
15.192	-5.4251			
15.2	-5.4451			
15.208	-5.3805			
15.217	-5.2382			
15.225	-5.0283			
15.233	-4.7614			
15.242	-4.4474			
15.25	-4.0933			
15.258	-3.7033			
15.267	-3.2804			
15.275	-2.8276			
15.283	-2.3509			
15.292	-1.8597			
15.3	-1.3676			
15.308	-0.89024			
15.317	-0.44354			
15.325	-0.041293			
15.333	0.30657			
15.342	0.59506			
15.35	0.82455			
15.358	1.0006			
15.367	1.1338			
15.375	1.2379			
15.383	1.3287			
15.392	1.4207			
15.4	1.5238			
15.408	1.6407			
15.417	1.7655			
15.425	1.8845			
15.433	1.9801			
15.442	2.0361			
15.45	2.044			
15.458	2.0097			
15.467	1.9569			
15.475	1.9289			
15.483	1.9853			
15.492	2.1947			
15.5	2.6222			
15.508	3.3145			
15.517	4.2849			
15.525	5.5021			
15.533	6.8869			
15.542	8.3178			
15.55	9.648			
15.558	10.728			
15.567	11.431			
15.575	11.675			
15.583	11.433			
15.592	10.741			
15.6	9.6853			
15.608	8.3871			
15.617	6.9846			
15.625	5.6116			
15.633	4.3818			
15.642	3.3788			
15.65	2.6507			
15.658	2.2109			
15.667	2.0418			
15.675	2.101			
15.683	2.3292			
15.692	2.6583			
15.7	3.0209			
15.708	3.3585			
15.717	3.628			
15.725	3.8056			
15.733	3.886			
15.742	3.8792			
15.75	3.8027			
15.758	3.6756			
15.767	3.5118			
15.775	3.3187			
15.783	3.0966			
15.792	2.8428			
15.8	2.5545			
15.808	2.232			
15.817	1.879			
15.825	1.5014			
15.833	1.105			
15.842	0.69276			
15.85	0.26322			
15.858	-0.18915			
15.867	-0.67217			
15.875	-1.193			
15.883	-1.7552			
15.892	-2.3563			
15.9	-2.9869			
15.908	-3.6314			
15.917	-4.2691			
15.925	-4.8771			
15.933	-5.4328			
15.942	-5.9158			
15.95	-6.3111			
15.958	-6.6096			
15.967	-6.8099			
15.975	-6.9172			
15.983	-6.942			
15.992	-6.897			
16	-6.7937			
16.008	-6.6401			
16.017	-6.4386			
16.025	-6.1868			
16.033	-5.8789			
16.042	-5.5084			
16.05	-5.0705			
16.058	-4.5638			
16.067	-3.9912			
16.075	-3.3602			
16.083	-2.6821			
16.092	-1.9723			
16.1	-1.2499			
16.108	-0.53785			
16.117	0.13711			
16.125	0.74566			
16.133	1.258			
16.142	1.6473			
16.15	1.8937			
16.158	1.9886			
16.167	1.9364			
16.175	1.7553			
16.183	1.4738			
16.192	1.1257			
16.2	0.74418			
16.208	0.35581			
16.217	-0.022564			
16.225	-0.38478			
16.233	-0.7336			
16.242	-1.0776			
16.25	-1.4277			
16.258	-1.7942			
16.267	-2.1852			
16.275	-2.6055			
16.283	-3.056			
16.292	-3.5334			
16.3	-4.0301			
16.308	-4.533			
16.317	-5.024			
16.325	-5.4807			
16.333	-5.8781			
16.342	-6.1917			
16.35	-6.4007			
16.358	-6.4913			
16.367	-6.4588			
16.375	-6.3088			
16.383	-6.0555			
16.392	-5.7199			
16.4	-5.3251			
16.408	-4.8937			
16.417	-4.4442			
16.425	-3.99			
16.433	-3.5389			
16.442	-3.0948			
16.45	-2.6595			
16.458	-2.2353			
16.467	-1.8265			
16.475	-1.4403			
16.483	-1.085			
16.492	-0.76785			
16.5	-0.49121			
16.508	-0.24991			
16.517	-0.030136			
16.525	0.18883			
16.533	0.43039			
16.542	0.71481			
16.55	1.0534			
16.558	1.4446			
16.567	1.8723			
16.575	2.3082			
16.583	2.7167			
16.592	3.0617			
16.6	3.3148			
16.608	3.4626			
16.617	3.5121			
16.625	3.4923			
16.633	3.4522			
16.642	3.4536			
16.65	3.5602			
16.658	3.8246			
16.667	4.2764			
16.675	4.9123			
16.683	5.6927			
16.692	6.5446			
16.7	7.3711			
16.708	8.0656			
16.717	8.5291			
16.725	8.686			
16.733	8.4958			
16.742	7.9597			
16.75	7.1196			
16.758	6.0514			
16.767	4.8537			
16.775	3.6334			
16.783	2.4925			
16.792	1.516			
16.8	0.76431			
16.808	0.26937			
16.817	0.035387			
16.825	0.04257			
16.833	0.25278			
16.842	0.61585			
16.85	1.0758			
16.858	1.5765			
16.867	2.0672			
16.875	2.5066			
16.883	2.8668			
16.892	3.1358			
16.9	3.3175			
16.908	3.4302			
16.917	3.5026			
16.925	3.568			
16.933	3.6577			
16.942	3.7937			
16.95	3.984			
16.958	4.2196			
16.967	4.4762			
16.975	4.719			
16.983	4.9114			
16.992	5.0236			
17	5.039			
17.008	4.9578			
17.017	4.7938			
17.025	4.569			
17.033	4.306			
17.042	4.0208			
17.05	3.7203			
17.058	3.4019			
17.067	3.0572			
17.075	2.6763			
17.083	2.2516			
17.092	1.7797			
17.1	1.2613			
17.108	0.69992			
17.117	0.10005			
17.125	-0.534			
17.133	-1.198			
17.142	-1.8867			
17.15	-2.5922			
17.158	-3.303			
17.167	-4.0043			
17.175	-4.679			
17.183	-5.3111			
17.192	-5.8872			
17.2	-6.3986			
17.208	-6.8405			
17.217	-7.2097			
17.225	-7.5013			
17.233	-7.7059			
17.242	-7.8093			
17.25	-7.7936			
17.258	-7.6422			
17.267	-7.3446			
17.275	-6.9007			
17.283	-6.3225			
17.292	-5.6331			
17.3	-4.8628			
17.308	-4.0451			
17.317	-3.2128			
17.325	-2.396			
17.333	-1.6222			
17.342	-0.91631			
17.35	-0.30143			
17.358	0.20242			
17.367	0.5804			
17.375	0.82541			
17.383	0.94007			
17.392	0.93699			
17.4	0.83701			
17.408	0.66566			
17.417	0.44879			
17.425	0.20836			
17.433	-0.040546			
17.442	-0.29098			
17.45	-0.54355			
17.458	-0.80433			
17.467	-1.0818			
17.475	-1.384			
17.483	-1.7156			
17.492	-2.077			
17.5	-2.4636			
17.508	-2.8668			
17.517	-3.2754			
17.525	-3.677			
17.533	-4.0602			
17.542	-4.4157			
17.55	-4.737			
17.558	-5.0212			
17.567	-5.2672			
17.575	-5.475			
17.583	-5.6426			
17.592	-5.7654			
17.6	-5.835			
17.608	-5.8406			
17.617	-5.7711			
17.625	-5.6175			
17.633	-5.3749			
17.642	-5.0434			
17.65	-4.6281			
17.658	-4.1384			
17.667	-3.588			
17.675	-2.9948			
17.683	-2.3816			
17.692	-1.7755			
17.7	-1.2059			
17.708	-0.70082			
17.717	-0.28194			
17.725	0.040861			
17.733	0.27292			
17.742	0.43525			
17.75	0.56119			
17.758	0.68941			
17.767	0.85465			
17.775	1.0783			
17.783	1.3615			
17.792	1.6826			
17.8	2.0007			
17.808	2.2648			
17.817	2.4277			
17.825	2.4602			
17.833	2.3651			
17.842	2.1842			
17.85	1.9993			
17.858	1.923			
17.867	2.0821			
17.875	2.5932			
17.883	3.5362			
17.892	4.9297			
17.9	6.7146			
17.908	8.7508			
17.917	10.831			
17.925	12.71			
17.933	14.146			
17.942	14.946			
17.95	15.001			
17.958	14.307			
17.967	12.967			
17.975	11.165			
17.983	9.1321			
17.992	7.103			
18	5.2791			
18.008	3.8018			
18.017	2.7423			
18.025	2.1057			
18.033	1.8439			
18.042	1.8757			
18.05	2.1046			
18.058	2.4354			
18.067	2.785			
18.075	3.0893			
18.083	3.3061			
18.092	3.4142			
18.1	3.4111			
18.108	3.3094			
18.117	3.1311			
18.125	2.9028			
18.133	2.6504			
18.142	2.3947			
18.15	2.1492			
18.158	1.9192			
18.167	1.7026			
18.175	1.4919			
18.183	1.2762			
18.192	1.0433			
18.2	0.78131			
18.208	0.48007			
18.217	0.13249			
18.225	-0.26431			
18.233	-0.70813			
18.242	-1.1916			
18.25	-1.7031			
18.258	-2.2285			
18.267	-2.7529			
18.275	-3.2628			
18.283	-3.747			
18.292	-4.1962			
18.3	-4.6028			
18.308	-4.9598			
18.317	-5.2606			
18.325	-5.5001			
18.333	-5.6762			
18.342	-5.7914			
18.35	-5.8531			
18.358	-5.8724			
18.367	-5.8616			
18.375	-5.8298			
18.383	-5.7802			
18.392	-5.708			
18.4	-5.6018			
18.408	-5.4451			
18.417	-5.2208			
18.425	-4.9146			
18.433	-4.5178			
18.442	-4.029			
18.45	-3.4543			
18.458	-2.8072			
18.467	-2.1077			
18.475	-1.3812			
18.483	-0.65785			
18.492	0.028792			
18.5	0.64386			
18.508	1.1537			
18.517	1.5293			
18.525	1.7494			
18.533	1.8029			
18.542	1.6908			
18.55	1.4257			
18.558	1.0303			
18.567	0.53417			
18.575	-0.029846			
18.583	-0.63026			
18.592	-1.2404			
18.6	-1.8407			
18.608	-2.4191			
18.617	-2.9689			
18.625	-3.486			
18.633	-3.9647			
18.642	-4.3956			
18.65	-4.7642			
18.658	-5.0525			
18.667	-5.2429			
18.675	-5.3223			
18.683	-5.2864			
18.692	-5.1425			
18.7	-4.9091			
18.708	-4.613			
18.717	-4.2848			
18.725	-3.9526			
18.733	-3.6362			
18.742	-3.3442			
18.75	-3.0731			
18.758	-2.8099			
18.767	-2.5376			
18.775	-2.2415			
18.783	-1.9148			
18.792	-1.5615			
18.8	-1.1967			
18.808	-0.8432			
18.817	-0.52547			
18.825	-0.26412			
18.833	-0.07073			
18.842	0.05457			
18.85	0.12279			
18.858	0.1532			
18.867	0.16896			
18.875	0.19231			
18.883	0.24062			
18.892	0.32384			
18.9	0.44376			
18.908	0.59487			
18.917	0.76652			
18.925	0.94573			
18.933	1.1201			
18.942	1.2802			
18.95	1.4211			
18.958	1.5422			
18.967	1.646			
18.975	1.7368			
18.983	1.8195			
18.992	1.9006			
19	1.9913			
19.008	2.1108			
19.017	2.2899			
19.025	2.5709			
19.033	3.0019			
19.042	3.6267			
19.05	4.4698			
19.058	5.5227			
19.067	6.7341			
19.075	8.009			
19.083	9.2194			
19.092	10.224			
19.1	10.896			
19.108	11.144			
19.117	10.936			
19.125	10.302			
19.133	9.3273			
19.142	8.1387			
19.15	6.8767			
19.158	5.6729			
19.167	4.6306			
19.175	3.8141			
19.183	3.2462			
19.192	2.9133			
19.2	2.7758			
19.208	2.7798			
19.217	2.8682			
19.225	2.9902			
19.233	3.1068			
19.242	3.1933			
19.25	3.2384			
19.258	3.2418			
19.267	3.2097			
19.275	3.1512			
19.283	3.0747			
19.292	2.9864			
19.3	2.8893			
19.308	2.7835			
19.317	2.6662			
19.325	2.5321			
19.333	2.3732			
19.342	2.1794			
19.35	1.9393			
19.358	1.6424			
19.367	1.281			
19.375	0.85317			
19.383	0.3639			
19.392	-0.17537			
19.4	-0.7486			
19.408	-1.3383			
19.417	-1.9284			
19.425	-2.5069			
19.433	-3.0658			
19.442	-3.6008			
19.45	-4.1088			
19.458	-4.5867			
19.467	-5.0289			
19.475	-5.4273			
19.483	-5.771			
19.492	-6.0474			
19.5	-6.2444			
19.508	-6.3524			
19.517	-6.3669			
19.525	-6.2902			
19.533	-6.1322			
19.542	-5.9091			
19.55	-5.6411			
19.558	-5.3482			
19.567	-5.0459			
19.575	-4.7419			
19.583	-4.4343			
19.592	-4.1125			
19.6	-3.7599			
19.608	-3.3592			
19.617	-2.897			
19.625	-2.369			
19.633	-1.7827			
19.642	-1.1584			
19.65	-0.52697			
19.658	0.073934			
19.667	0.60588			
19.675	1.0362			
19.683	1.3436			
19.692	1.5222			
19.7	1.582			
19.708	1.5465			
19.717	1.4476			
19.725	1.3183			
19.733	1.1866			
19.742	1.0699			
19.75	0.97276			
19.758	0.8871			
19.767	0.7954			
19.775	0.67504			
19.783	0.5031			
19.792	0.26046			
19.8	-0.065291			
19.808	-0.47845			
19.817	-0.97483			
19.825	-1.5424			
19.833	-2.1622			
19.842	-2.8102			
19.85	-3.4593			
19.858	-4.0819			
19.867	-4.6531			
19.875	-5.1536			
19.883	-5.5721			
19.892	-5.9054			
19.9	-6.1579			
19.908	-6.3373			
19.917	-6.4512			
19.925	-6.5022			
19.933	-6.4859			
19.942	-6.3912			
19.95	-6.2036			
19.958	-5.9102			
19.967	-5.5052			
19.975	-4.9939			
19.983	-4.3942			
19.992	-3.735			
20	-3.0523			
20.008	-2.3838			
20.017	-1.7635			
20.025	-1.217			
20.033	-0.75844			
20.042	-0.38928			
20.05	-0.099321			
20.058	0.13031			
20.067	0.3228			
20.075	0.50086			
20.083	0.68283			
20.092	0.88032			
20.1	1.0976			
20.108	1.3326			
20.117	1.5782			
20.125	1.824			
20.133	2.0579			
20.142	2.267			
20.15	2.4393			
20.158	2.565			
20.167	2.638			
20.175	2.6572			
20.183	2.6269			
20.192	2.5569			
20.2	2.4625			
20.208	2.3645			
20.217	2.2894			
20.225	2.27			
20.233	2.3444			
20.242	2.5539			
20.25	2.9376			
20.258	3.5245			
20.267	4.3241			
20.275	5.3173			
20.283	6.4504			
20.292	7.6352			
20.3	8.7568			
20.308	9.6892			
20.317	10.316			
20.325	10.55			
20.333	10.353			
20.342	9.7425			
20.35	8.7893			
20.358	7.605			
20.367	6.323			
20.375	5.077			
20.383	3.9819			
20.392	3.1198			
20.4	2.5328			
20.408	2.2231			
20.417	2.1584			
20.425	2.2816			
20.433	2.5229			
20.442	2.8123			
20.45	3.0896			
20.458	3.312			
20.467	3.4567			
20.475	3.5193			
20.483	3.51			
20.492	3.4471			
20.5	3.3516			
20.508	3.2426			
20.517	3.134			
20.525	3.0336			
20.533	2.9423			
20.542	2.8543			
20.55	2.7582			
20.558	2.6383			
20.567	2.4764			
20.575	2.255			
20.583	1.9603			
20.592	1.5849			
20.6	1.1294			
20.608	0.60239			
20.617	0.019421			
20.625	-0.59981			
20.633	-1.2342			
20.642	-1.8635			
20.65	-2.4703			
20.658	-3.0404			
20.667	-3.5633			
20.675	-4.0315			
20.683	-4.4407			
20.692	-4.7891			
20.7	-5.0773			
20.708	-5.3078			
20.717	-5.4836			
20.725	-5.6082			
20.733	-5.6845			
20.742	-5.7153			
20.75	-5.704			
20.758	-5.6556			
20.767	-5.5767			
20.775	-5.4759			
20.783	-5.3615			
20.792	-5.24			
20.8	-5.1127			
20.808	-4.9741			
20.817	-4.811			
20.825	-4.6035			
20.833	-4.3283			
20.842	-3.9631			
20.85	-3.4925			
20.858	-2.913			
20.867	-2.236			
20.875	-1.4896			
20.883	-0.71584			
20.892	0.03405			
20.9	0.7066			
20.908	1.2542			
20.917	1.6422			
20.925	1.8542			
20.933	1.8935			
20.942	1.7814			
20.95	1.5525			
20.958	1.2475			
20.967	0.90704			
20.975	0.5655			
20.983	0.24769			
20.992	-0.032325			
21	-0.27054			
21.008	-0.47133			
21.017	-0.64548			
21.025	-0.80849			
21.033	-0.97895			
21.042	-1.1767			
21.05	-1.4205			
21.058	-1.7245			
21.067	-2.0956			
21.075	-2.53			
21.083	-3.013			
21.092	-3.5204			
21.1	-4.0218			
21.108	-4.4862			
21.117	-4.8871			
21.125	-5.2059			
21.133	-5.4333			
21.142	-5.567			
21.15	-5.609			
21.158	-5.5612			
21.167	-5.4238			
21.175	-5.1954			
21.183	-4.8757			
21.192	-4.4697			
21.2	-3.9912			
21.208	-3.4639			
21.217	-2.9191			
21.225	-2.3915			
21.233	-1.9127			
21.242	-1.5053			
21.25	-1.1797			
21.258	-0.9336			
21.267	-0.75433			
21.275	-0.6234			
21.283	-0.52128			
21.292	-0.43137			
21.3	-0.34232			
21.308	-0.24832			
21.317	-0.14794			
21.325	-0.042124			
21.333	0.067897			
21.342	0.18215			
21.35	0.30263			
21.358	0.43295			
21.367	0.57729			
21.375	0.73867			
21.383	0.91717			
21.392	1.1084			
21.4	1.3032			
21.408	1.4879			
21.417	1.648			
21.425	1.7718			
21.433	1.8573			
21.442	1.9181			
21.45	1.9883			
21.458	2.1229			
21.467	2.3929			
21.475	2.8728			
21.483	3.6233			
21.492	4.6713			
21.5	5.993			
21.508	7.5063			
21.517	9.0749			
21.525	10.527			
21.533	11.684			
21.542	12.394			
21.55	12.564			
21.558	12.174			
21.567	11.284			
21.575	10.018			
21.583	8.54			
21.592	7.0247			
21.6	5.6265			
21.608	4.4597			
21.617	3.5882			
21.625	3.0246			
21.633	2.7384			
21.642	2.6688			
21.65	2.7405			
21.658	2.8782			
21.667	3.0189			
21.675	3.1191			
21.683	3.1578			
21.692	3.1341			
21.7	3.0617			
21.708	2.9614			
21.717	2.8541			
21.725	2.7544			
21.733	2.6677			
21.742	2.5882			
21.75	2.5006			
21.758	2.3828			
21.767	2.2109			
21.775	1.9638			
21.783	1.6277			
21.792	1.1996			
21.8	0.68838			
21.808	0.11352			
21.817	-0.49826			
21.825	-1.1176			
21.833	-1.7177			
21.842	-2.2785			
21.85	-2.7895			
21.858	-3.2506			
21.867	-3.67			
21.875	-4.0606			
21.883	-4.4352			
21.892	-4.8017			
21.9	-5.1602			
21.908	-5.5017			
21.917	-5.8104			
21.925	-6.0678			
21.933	-6.2576			
21.942	-6.3695			
21.95	-6.4015			
21.958	-6.3598			
21.967	-6.2565			
21.975	-6.1058			
21.983	-5.9202			
21.992	-5.7064			
22	-5.4633			
22.008	-5.1814			
22.017	-4.8452			
22.025	-4.4368			
22.033	-3.9415			
22.042	-3.3537			
22.05	-2.6813			
22.058	-1.9475			
22.067	-1.1897			
22.075	-0.45465			
22.083	0.20906			
22.092	0.7593			
22.1	1.1678			
22.108	1.4243			
22.117	1.5365			
22.125	1.5262			
22.133	1.4217			
22.142	1.2513			
22.15	1.0364			
22.158	0.78921			
22.167	0.51303			
22.175	0.2049			
22.183	-0.14052			
22.192	-0.52756			
22.2	-0.95732			
22.208	-1.427			
22.217	-1.9298			
22.225	-2.4558			
22.233	-2.9924			
22.242	-3.5251			
22.25	-4.0379			
22.258	-4.5145			
22.267	-4.9398			
22.275	-5.3008			
22.283	-5.5877			
22.292	-5.7939			
22.3	-5.915			
22.308	-5.9482			
22.317	-5.891			
22.325	-5.7411			
22.333	-5.497			
22.342	-5.1595			
22.35	-4.7342			
22.358	-4.2326			
22.367	-3.6731			
22.375	-3.0805			
22.383	-2.484			
22.392	-1.9141			
22.4	-1.3991			
22.408	-0.96129			
22.417	-0.61474			
22.425	-0.36354			
22.433	-0.20219			
22.442	-0.1172			
22.45	-0.089505			
22.458	-0.097304			
22.467	-0.11859			
22.475	-0.13313			
22.483	-0.1238			
22.492	-0.077401			
22.5	0.014717			
22.508	0.15609			
22.517	0.34466			
22.525	0.57251			
22.533	0.82616			
22.542	1.0878			
22.55	1.3375			
22.558	1.5561			
22.567	1.7287			
22.575	1.8475			
22.583	1.9133			
22.592	1.9361			
22.6	1.9333			
22.608	1.9279			
22.617	1.9459			
22.625	2.0151			
22.633	2.1629			
22.642	2.4156			
22.65	2.7957			
22.658	3.3189			
22.667	3.9889			
22.675	4.7925			
22.683	5.6959			
22.692	6.6435			
22.7	7.561			
22.708	8.3637			
22.717	8.9676			
22.725	9.3032			
22.733	9.3274			
22.742	9.0323			
22.75	8.4491			
22.758	7.644			
22.767	6.7085			
22.775	5.7456			
22.783	4.8536			
22.792	4.1112			
22.8	3.5673			
22.808	3.2366			
22.817	3.1008			
22.825	3.1164			
22.833	3.2247			
22.842	3.3642			
22.85	3.4809			
22.858	3.5362			
22.867	3.5105			
22.875	3.4027			
22.883	3.2265			
22.892	3.0038			
22.9	2.7582			
22.908	2.5097			
22.917	2.2718			
22.925	2.0504			
22.933	1.8459			
22.942	1.6546			
22.95	1.4709			
22.958	1.2879			
22.967	1.0975			
22.975	0.89016			
22.983	0.65515			
22.992	0.38164			
23	0.060384			
23.008	-0.31442			
23.017	-0.74378			
23.025	-1.2233			
23.033	-1.7435			
23.042	-2.2908			
23.05	-2.8491			
23.058	-3.4006			
23.067	-3.9274			
23.075	-4.4117			
23.083	-4.8377			
23.092	-5.1916			
23.1	-5.4638			
23.108	-5.6501			
23.117	-5.753			
23.125	-5.7819			
23.133	-5.7524			
23.142	-5.683			
23.15	-5.5922			
23.158	-5.494			
23.167	-5.3949			
23.175	-5.2938			
23.183	-5.1819			
23.192	-5.0464			
23.2	-4.8736			
23.208	-4.6515			
23.217	-4.372			
23.225	-4.031			
23.233	-3.6281			
23.242	-3.1663			
23.25	-2.6521			
23.258	-2.0961			
23.267	-1.5137			
23.275	-0.92536			
23.283	-0.3552			
23.292	0.17053			
23.3	0.62648			
23.308	0.99111			
23.317	1.2492			
23.325	1.3935			
23.333	1.4251			
23.342	1.353			
23.35	1.1922			
23.358	0.96191			
23.367	0.68306			
23.375	0.37623			
23.383	0.059826			
23.392	-0.25157			
23.4	-0.54868			
23.408	-0.82866			
23.417	-1.0958			
23.425	-1.361			
23.433	-1.6404			
23.442	-1.9516			
23.45	-2.3103			
23.458	-2.7255			
23.467	-3.1963			
23.475	-3.7104			
23.483	-4.2445			
23.492	-4.7672			
23.5	-5.2429			
23.508	-5.6367			
23.517	-5.919			
23.525	-6.0698			
23.533	-6.0809			
23.542	-5.9581			
23.55	-5.7201			
23.558	-5.3969			
23.567	-5.026			
23.575	-4.6467			
23.583	-4.2942			
23.592	-3.9934			
23.6	-3.7547			
23.608	-3.5721			
23.617	-3.4242			
23.625	-3.2795			
23.633	-3.1037			
23.642	-2.8682			
23.65	-2.5577			
23.658	-2.174			
23.667	-1.7361			
23.675	-1.275			
23.683	-0.82645			
23.692	-0.42117			
23.7	-0.078021			
23.708	0.19987			
23.717	0.42407			
23.725	0.61574			
23.733	0.79809			
23.742	0.9889			
23.75	1.1953			
23.758	1.4122			
23.767	1.6247			
23.775	1.8132			
23.783	1.9597			
23.792	2.0535			
23.8	2.095			
23.808	2.0969			
23.817	2.0848			
23.825	2.0949			
23.833	2.1717			
23.842	2.3642			
23.85	2.7197			
23.858	3.2763			
23.867	4.0529			
23.875	5.0404			
23.883	6.1952			
23.892	7.4389			
23.9	8.6638			
23.908	9.7472			
23.917	10.569			
23.925	11.034			
23.933	11.086			
23.942	10.722			
23.95	9.992			
23.958	8.9899			
23.967	7.8373			
23.975	6.6622			
23.983	5.5786			
23.992	4.6704			
24	3.9831			
24.008	3.5239			
24.017	3.268			
24.025	3.1688			
24.033	3.1702			
24.042	3.2169			
24.05	3.2635			
24.058	3.2783			
24.067	3.2456			
24.075	3.1633			
24.083	3.0394			
24.092	2.8862			
24.1	2.7161			
24.108	2.5366			
24.117	2.3489			
24.125	2.1478			
24.133	1.924			
24.142	1.6671			
24.15	1.3694			
24.158	1.0278			
24.167	0.6451			
24.175	0.22834			
24.183	-0.21325			
24.192	-0.67078			
24.2	-1.1375			
24.208	-1.6091			
24.217	-2.0832			
24.225	-2.5575			
24.233	-3.0287			
24.242	-3.4911			
24.25	-3.9371			
24.258	-4.3572			
24.267	-4.741			
24.275	-5.0783			
24.283	-5.3602			
24.292	-5.5798			
24.3	-5.7337			
24.308	-5.8225			
24.317	-5.8517			
24.325	-5.8307			
24.333	-5.7729			
24.342	-5.6929			
24.35	-5.6047			
24.358	-5.5186			
24.367	-5.4384			
24.375	-5.3593			
24.383	-5.2677			
24.392	-5.1432			
24.4	-4.962			
24.408	-4.7025			
24.417	-4.3505			
24.425	-3.9029			
24.433	-3.3688			
24.442	-2.7687			
24.45	-2.1307			
24.458	-1.4873			
24.467	-0.8711			
24.475	-0.31189			
24.483	0.16599			
24.492	0.54599			
24.5	0.82113			
24.508	0.99475			
24.517	1.0796			
24.525	1.0951			
24.533	1.0628			
24.542	1.0021			
24.55	0.92589			
24.558	0.83968			
24.567	0.74155			
24.575	0.62456			
24.583	0.4793			
24.592	0.29589			
24.6	0.065229			
24.608	-0.22072			
24.617	-0.56874			
24.625	-0.98403			
24.633	-1.4695			
24.642	-2.0251			
24.65	-2.6469			
24.658	-3.3261			
24.667	-4.049			
24.675	-4.7953			
24.683	-5.5377			
24.692	-6.241			
24.7	-6.8622			
24.708	-7.3534			
24.717	-7.6653			
24.725	-7.754			
24.733	-7.5885			
24.742	-7.159			
24.75	-6.4824			
24.758	-5.6055			
24.767	-4.6023			
24.775	-3.5667			
24.783	-2.6001			
24.792	-1.796			
24.8	-1.2247			
24.808	-0.92067			
24.817	-0.87554			
24.825	-1.0393			
24.833	-1.3296			
24.842	-1.6471			
24.85	-1.895			
24.858	-1.9967			
24.867	-1.9084			
24.875	-1.6245			
24.883	-1.1735			
24.892	-0.60827			
24.9	0.0073656			
24.908	0.61148			
24.917	1.1538			
24.925	1.6009			
24.933	1.9361			
24.942	2.1577			
24.95	2.274			
24.958	2.2991			
24.967	2.2504			
24.975	2.1459			
24.983	2.0044			
24.992	1.8451			
25	1.6887			
25.008	1.5576			
25.017	1.4769			
25.025	1.4741			
25.033	1.5785			
25.042	1.8188			
25.05	2.2198			
25.058	2.7977			
25.067	3.5547			
25.075	4.4733			
25.083	5.5137			
25.092	6.6133			
25.1	7.6903			
25.108	8.6526			
25.117	9.4092			
25.125	9.8836			
25.133	10.027			
25.142	9.8253			
25.15	9.3054			
25.158	8.5291			
25.167	7.585			
25.175	6.5742			
25.183	5.5957			
25.192	4.7322			
25.2	4.0404			
25.208	3.5462			
25.217	3.2455			
25.225	3.1095			
25.233	3.093			
25.242	3.1448			
25.25	3.2163			
25.258	3.269			
25.267	3.2781			
25.275	3.2332			
25.283	3.1366			
25.292	2.9993			
25.3	2.8369			
25.308	2.6652			
25.317	2.4968			
25.325	2.3384			
25.333	2.1895			
25.342	2.0424			
25.35	1.8841			
25.358	1.6982			
25.367	1.4694			
25.375	1.1857			
25.383	0.84138			
25.392	0.43727			
25.4	-0.019875			
25.408	-0.5194			
25.417	-1.0491			
25.425	-1.5975			
25.433	-2.1547			
25.442	-2.713			
25.45	-3.2659			
25.458	-3.8064			
25.467	-4.3259			
25.475	-4.8128			
25.483	-5.2533			
25.492	-5.6329			
25.5	-5.9391			
25.508	-6.1655			
25.517	-6.3129			
25.525	-6.3902			
25.533	-6.412			
25.542	-6.3945			
25.55	-6.3506			
25.558	-6.2855			
25.567	-6.1956			
25.575	-6.0688			
25.583	-5.8883			
25.592	-5.6373			
25.6	-5.3037			
25.608	-4.8834			
25.617	-4.3821			
25.625	-3.8143			
25.633	-3.2007			
25.642	-2.5657			
25.65	-1.9338			
25.658	-1.3273			
25.667	-0.76576			
25.675	-0.26555			
25.683	0.15965			
25.692	0.49867			
25.7	0.74351			
25.708	0.89082			
25.717	0.94383			
25.725	0.91371			
25.733	0.81952			
25.742	0.68609			
25.75	0.53994			
25.758	0.40418			
25.767	0.29362			
25.775	0.2118			
25.783	0.15079			
25.792	0.094013			
25.8	0.02116			
25.808	-0.086294			
25.817	-0.24085			
25.825	-0.44716			
25.833	-0.70309			
25.842	-1.0028			
25.85	-1.3407			
25.858	-1.7145			
25.867	-2.127			
25.875	-2.5846			
25.883	-3.0948			
25.892	-3.6616			
25.9	-4.2808			
25.908	-4.9357			
25.917	-5.5949			
25.925	-6.2119			
25.933	-6.7282			
25.942	-7.0788			
25.95	-7.2018			
25.958	-7.0487			
25.967	-6.5963			
25.975	-5.8555			
25.983	-4.8772			
25.992	-3.7494			
26	-2.5883			
26.008	-1.5207			
26.017	-0.66255			
26.025	-0.097588			
26.033	0.13907			
26.042	0.067578			
26.05	-0.24151			
26.058	-0.68294			
26.067	-1.1395			
26.075	-1.5065			
26.083	-1.7117			
26.092	-1.7266			
26.1	-1.5661			
26.108	-1.2787			
26.117	-0.92929			
26.125	-0.58044			
26.133	-0.27726			
26.142	-0.03868			
26.15	0.14286			
26.158	0.29445			
26.167	0.45135			
26.175	0.64473			
26.183	0.89218			
26.192	1.1935			
26.2	1.5333			
26.208	1.8888			
26.217	2.2421			
26.225	2.5917			
26.233	2.96			
26.242	3.3939			
26.25	3.9552			
26.258	4.7038			
26.267	5.6766			
26.275	6.8689			
26.283	8.2222			
26.292	9.6265			
26.3	10.934			
26.308	11.987			
26.317	12.646			
26.325	12.818			
26.333	12.478			
26.342	11.671			
26.35	10.503			
26.358	9.1192			
26.367	7.6771			
26.375	6.3203			
26.383	5.1583			
26.392	4.2556			
26.4	3.6304			
26.408	3.2609			
26.417	3.0968			
26.425	3.0721			
26.433	3.1185			
26.442	3.1757			
26.45	3.1982			
26.458	3.1593			
26.467	3.0511			
26.475	2.8808			
26.483	2.6664			
26.492	2.4301			
26.5	2.1931			
26.508	1.9715			
26.517	1.7744			
26.525	1.6034			
26.533	1.4543			
26.542	1.3184			
26.55	1.184			
26.558	1.0376			
26.567	0.86499			
26.575	0.6518			
26.583	0.38529			
26.592	0.055825			
26.6	-0.34144			
26.608	-0.80517			
26.617	-1.3273			
26.625	-1.8934			
26.633	-2.4836			
26.642	-3.075			
26.65	-3.6432			
26.658	-4.1655			
26.667	-4.6227			
26.675	-5.0012			
26.683	-5.294			
26.692	-5.5009			
26.7	-5.6275			
26.708	-5.6832			
26.717	-5.6788			
26.725	-5.6252			
26.733	-5.5311			
26.742	-5.4028			
26.75	-5.2443			
26.758	-5.0577			
26.767	-4.8444			
26.775	-4.6053			
26.783	-4.3422			
26.792	-4.0568			
26.8	-3.7505			
26.808	-3.4237			
26.817	-3.0751			
26.825	-2.7018			
26.833	-2.3007			
26.842	-1.8697			
26.85	-1.4101			
26.858	-0.92793			
26.867	-0.43504			
26.875	0.050656			
26.883	0.50639			
26.892	0.90673			
26.9	1.2268			
26.908	1.4463			
26.917	1.5526			
26.925	1.5435			
26.933	1.4266			
26.942	1.2178			
26.95	0.93671			
26.958	0.60315			
26.967	0.23383			
26.975	-0.15884			
26.983	-0.56642			
26.992	-0.98297			
27	-1.4036			
27.008	-1.8232			
27.017	-2.2369			
27.025	-2.6395			
27.033	-3.0265			
27.042	-3.3938			
27.05	-3.7381			
27.058	-4.0558			
27.067	-4.3433			
27.075	-4.5955			
27.083	-4.8065			
27.092	-4.969			
27.1	-5.0754			
27.108	-5.1184			
27.117	-5.0926			
27.125	-4.9958			
27.133	-4.8301			
27.142	-4.6019			
27.15	-4.3219			
27.158	-4.0035			
27.167	-3.6607			
27.175	-3.3055			
27.183	-2.9465			
27.192	-2.5881			
27.2	-2.2308			
27.208	-1.8739			
27.217	-1.5178			
27.225	-1.1656			
27.233	-0.82407			
27.242	-0.50233			
27.25	-0.20917			
27.258	0.049633			
27.267	0.27329			
27.275	0.46636			
27.283	0.63748			
27.292	0.79685			
27.3	0.9537			
27.308	1.1144			
27.317	1.2818			
27.325	1.4561			
27.333	1.6361			
27.342	1.8199			
27.35	2.0054			
27.358	2.1894			
27.367	2.3666			
27.375	2.5301			
27.383	2.6727			
27.392	2.7915			
27.4	2.8932			
27.408	2.999			
27.417	3.1465			
27.425	3.3872			
27.433	3.7779			
27.442	4.3678			
27.45	5.1839			
27.458	6.2163			
27.467	7.411			
27.475	8.6706			
27.483	9.8653			
27.492	10.854			
27.5	11.508			
27.508	11.737			
27.517	11.508			
27.525	10.846			
27.533	9.8362			
27.542	8.5998			
27.55	7.2769			
27.558	6.0011			
27.567	4.8813			
27.575	3.9894			
27.583	3.3573			
27.592	2.9793			
27.6	2.8209			
27.608	2.83			
27.617	2.9472			
27.625	3.1165			
27.633	3.2916			
27.642	3.4394			
27.65	3.5411			
27.658	3.5898			
27.667	3.5878			
27.675	3.5427			
27.683	3.4644			
27.692	3.3623			
27.7	3.244			
27.708	3.1138			
27.717	2.9728			
27.725	2.8184			
27.733	2.6457			
27.742	2.4475			
27.75	2.2163			
27.758	1.9446			
27.767	1.6261			
27.775	1.2569			
27.783	0.83602			
27.792	0.36643			
27.8	-0.14455			
27.808	-0.68552			
27.817	-1.242			
27.825	-1.7982			
27.833	-2.3389			
27.842	-2.8508			
27.85	-3.3235			
27.858	-3.749			
27.867	-4.1215			
27.875	-4.4359			
27.883	-4.6883			
27.892	-4.8762			
27.9	-4.9989			
27.908	-5.0582			
27.917	-5.0585			
27.925	-5.006			
27.933	-4.9084			
27.942	-4.7744			
27.95	-4.6132			
27.958	-4.4343			
27.967	-4.2471			
27.975	-4.0604			
27.983	-3.8809			
27.992	-3.7126			
28	-3.5557			
28.008	-3.4066			
28.017	-3.2571			
28.025	-3.095			
28.033	-2.905			
28.042	-2.6699			
28.05	-2.3719			
28.058	-1.9959			
28.067	-1.5314			
28.075	-0.97549			
28.083	-0.3348			
28.092	0.37253			
28.1	1.1164			
28.108	1.8552			
28.117	2.5382			
28.125	3.11			
28.133	3.5168			
28.142	3.7147			
28.15	3.6771			
28.158	3.402			
28.167	2.9146			
28.175	2.2657			
28.183	1.5246			
28.192	0.76859			
28.2	0.069641			
28.208	-0.51674			
28.217	-0.95917			
28.225	-1.2523			
28.233	-1.4134			
28.242	-1.4746			
28.25	-1.4745			
28.258	-1.4506			
28.267	-1.4343			
28.275	-1.4492			
28.283	-1.512			
28.292	-1.6332			
28.3	-1.8193			
28.308	-2.0729			
28.317	-2.3922			
28.325	-2.7697			
28.333	-3.1916			
28.342	-3.6367			
28.35	-4.0776			
28.358	-4.4827			
28.367	-4.8195			
28.375	-5.0578			
28.383	-5.1737			
28.392	-5.152			
28.4	-4.9885			
28.408	-4.6908			
28.417	-4.279			
28.425	-3.7836			
28.433	-3.2437			
28.442	-2.7012			
28.45	-2.1959			
28.458	-1.7582			
28.467	-1.4041			
28.475	-1.1326			
28.483	-0.92712			
28.492	-0.76022			
28.5	-0.60102			
28.508	-0.42299			
28.517	-0.21009			
28.525	0.040536			
28.533	0.31944			
28.542	0.60901			
28.55	0.88917			
28.558	1.1429			
28.567	1.3603			
28.575	1.5395			
28.583	1.6854			
28.592	1.8061			
28.6	1.9089			
28.608	1.9966			
28.617	2.0667			
28.625	2.1134			
28.633	2.1326			
28.642	2.1292			
28.65	2.1239			
28.658	2.1577			
28.667	2.2917			
28.675	2.6006			
28.683	3.1609			
28.692	4.0334			
28.7	5.245			
28.708	6.7725			
28.717	8.533			
28.725	10.385			
28.733	12.143			
28.742	13.603			
28.75	14.577			
28.758	14.933			
28.767	14.616			
28.775	13.668			
28.783	12.218			
28.792	10.458			
28.8	8.6036			
28.808	6.8591			
28.817	5.3802			
28.825	4.2572			
28.833	3.5115			
28.842	3.1066			
28.85	2.9677			
28.858	3.0041			
28.867	3.1281			
28.875	3.2691			
28.883	3.3793			
28.892	3.4341			
28.9	3.4277			
28.908	3.366			
28.917	3.2605			
28.925	3.1231			
28.933	2.9627			
28.942	2.7848			
28.95	2.592			
28.958	2.3857			
28.967	2.1676			
28.975	1.94			
28.983	1.7056			
28.992	1.4659			
29	1.2194			
29.008	0.95976			
29.017	0.67641			
29.025	0.35591			
29.033	-0.014384			
29.042	-0.4422			
29.05	-0.92675			
29.058	-1.457			
29.067	-2.0122			
29.075	-2.5658			
29.083	-3.0896			
29.092	-3.5599			
29.1	-3.9612			
29.108	-4.2881			
29.117	-4.5441			
29.125	-4.739			
29.133	-4.8841			
29.142	-4.9895			
29.15	-5.0612			
29.158	-5.1017			
29.167	-5.1113			
29.175	-5.0893			
29.183	-5.036			
29.192	-4.9525			
29.2	-4.8403			
29.208	-4.7009			
29.217	-4.5351			
29.225	-4.3428			
29.233	-4.1226			
29.242	-3.8714			
29.25	-3.583			
29.258	-3.2485			
29.267	-2.8559			
29.275	-2.3935			
29.283	-1.8534			
29.292	-1.2358			
29.3	-0.5529			
29.308	0.17012			
29.317	0.89662			
29.325	1.5827			
29.333	2.1829			
29.342	2.6564			
29.35	2.9727			
29.358	3.1154			
29.367	3.0843			
29.375	2.8949			
29.383	2.5761			
29.392	2.1656			
29.4	1.7048			
29.408	1.2331			
29.417	0.78314			
29.425	0.37832			
29.433	0.030791			
29.442	-0.25817			
29.45	-0.49694			
29.458	-0.70133			
29.467	-0.8918			
29.475	-1.0903			
29.483	-1.317			
29.492	-1.5881			
29.5	-1.9136			
29.508	-2.2966			
29.517	-2.7336			
29.525	-3.2145			
29.533	-3.7234			
29.542	-4.239			
29.55	-4.7352			
29.558	-5.1819			
29.567	-5.5478			
29.575	-5.8028			
29.583	-5.9224			
29.592	-5.8913			
29.6	-5.7061			
29.608	-5.3771			
29.617	-4.9267			
29.625	-4.3881			
29.633	-3.8008			
29.642	-3.2074			
29.65	-2.6481			
29.658	-2.1572			
29.667	-1.7583			
29.675	-1.462			
29.683	-1.2647			
29.692	-1.1492			
29.7	-1.0881			
29.708	-1.0485			
29.717	-0.99706			
29.725	-0.90586			
29.733	-0.75619			
29.742	-0.54104			
29.75	-0.26527			
29.758	0.056281			
29.767	0.40251			
29.775	0.75069			
29.783	1.0813			
29.792	1.3819			
29.8	1.6491			
29.808	1.8882			
29.817	2.1104			
29.825	2.3274			
29.833	2.5457			
29.842	2.7611			
29.85	2.9558			
29.858	3.0981			
29.867	3.1468			
29.875	3.0586			
29.883	2.7981			
29.892	2.3478			
29.9	1.7165			
29.908	0.94217			
29.917	0.088707			
