0.012	2.5782
0.028	3.1244
0.044	3.1518
0.06	2.0867
0.076	0.082276
0.092	-1.549
0.108	-0.93904
0.124	2.8337
0.14	8.5166
0.156	13.077
0.172	13.755
0.188	10.1
0.204	4.1743
0.219	-1.1242
0.235	-3.9634
0.251	-4.2411
0.267	-2.9376
0.283	-1.0998
0.299	0.69272
0.315	2.2291
0.331	3.3511
0.347	3.8593
0.363	3.6881
0.379	3.0592
0.395	2.3927
0.411	2.0513
0.427	2.1527
0.443	2.5626
0.459	3.0123
0.475	3.2459
0.491	3.1453
0.507	2.7842
0.522	2.3621
0.538	2.0499
0.554	1.8682
0.57	1.6959
0.586	1.3862
0.602	0.87669
0.618	0.20764
0.634	-0.54737
0.65	-1.3634
0.666	-2.2912
0.682	-3.4119
0.698	-4.7504
0.714	-6.2057
0.73	-7.5542
0.746	-8.5433
0.762	-9.0268
0.778	-9.0318
0.794	-8.6687
0.809	-7.9228
0.825	-6.5367
0.841	-4.1992
0.857	-1.0025
0.873	2.2374
0.889	4.2532
0.905	4.1593
0.921	2.169
0.937	-0.50417
0.953	-2.5096
0.969	-3.2137
0.985	-2.8769
1.001	-2.2078
1.017	-1.8279
1.033	-2.0296
1.049	-2.7927
1.064	-3.8531
1.081	-4.7625
1.097	-5.0344
1.112	-4.4099
1.128	-3.0744
1.144	-1.5894
1.16	-0.51721
1.176	-0.036743
1.192	0.091702
1.208	0.19779
1.224	0.37969
1.24	0.51468
1.256	0.51125
1.272	0.46267
1.288	0.55028
1.304	0.85745
1.32	1.2956
1.336	1.6496
1.352	1.6507
1.368	1.0844
1.384	0.014172
1.399	-0.9689
1.415	-0.80461
1.431	1.4028
1.447	5.4562
1.463	9.6902
1.479	11.8
1.495	10.434
1.511	6.1955
1.527	1.1808
1.543	-2.4646
1.559	-3.7023
1.575	-2.7762
1.591	-0.66797
1.607	1.5594
1.623	3.185
1.639	3.974
1.655	4.0932
1.671	3.8691
1.686	3.5419
1.702	3.1935
1.718	2.8644
1.734	2.6666
1.75	2.716
1.766	2.9575
1.782	3.1274
1.798	2.9473
1.814	2.3725
1.83	1.6502
1.846	1.1293
1.862	0.98958
1.878	1.1049
1.894	1.1318
1.91	0.73966
1.926	-0.18681
1.942	-1.5056
1.958	-2.9399
1.974	-4.25
1.989	-5.3255
2.005	-6.1597
2.021	-6.7692
2.037	-7.1477
2.053	-7.283
2.069	-7.188
2.085	-6.8761
2.101	-6.2751
2.117	-5.1801
2.133	-3.369
2.149	-0.88426
2.165	1.7315
2.181	3.5414
2.197	3.7326
2.213	2.2046
2.229	-0.27391
2.245	-2.5091
2.261	-3.5745
2.276	-3.2515
2.292	-2.0097
2.308	-0.67311
2.324	-0.01635
2.34	-0.45524
2.356	-1.911
2.372	-3.874
2.388	-5.6189
2.404	-6.4738
2.42	-6.0673
2.436	-4.5103
2.452	-2.4151
2.468	-0.63131
2.484	0.24295
2.5	0.23263
2.516	-0.11669
2.532	-0.25133
2.548	-0.040448
2.564	0.27031
2.579	0.44864
2.595	0.54402
2.611	0.78399
2.627	1.2748
2.643	1.8322
2.659	2.0839
2.675	1.7558
2.691	0.96201
2.707	0.30852
2.723	0.65117
2.739	2.519
2.755	5.5393
2.771	8.3986
2.787	9.569
2.803	8.3266
2.819	5.2305
2.835	1.6783
2.851	-1.0219
2.866	-2.3019
2.882	-2.3381
2.898	-1.6311
2.914	-0.59131
2.93	0.60304
2.946	1.8924
2.962	3.1449
2.978	4.0757
2.994	4.3655
3.01	3.9083
3.026	2.9824
3.042	2.1589
3.058	1.957
3.074	2.491
3.09	3.3843
3.106	4.0275
3.122	3.9892
3.138	3.2805
3.154	2.3024
3.169	1.5518
3.185	1.316
3.201	1.5388
3.217	1.8934
3.233	1.9783
3.249	1.5254
3.265	0.52399
3.281	-0.80071
3.297	-2.1402
3.313	-3.2857
3.329	-4.2122
3.345	-5.0099
3.361	-5.7365
3.377	-6.3323
3.393	-6.6791
3.409	-6.7424
3.425	-6.6368
3.441	-6.4971
3.456	-6.2183
3.472	-5.3225
3.488	-3.2213
3.504	0.17
3.52	3.9522
3.536	6.5012
3.552	6.5052
3.568	3.9905
3.584	0.38793
3.6	-2.4561
3.616	-3.4499
3.632	-2.7051
3.648	-1.142
3.663	0.21414
3.68	0.72386
3.696	0.25907
3.712	-0.92207
3.728	-2.3974
3.744	-3.7832
3.759	-4.828
3.775	-5.3767
3.791	-5.3013
3.807	-4.524
3.823	-3.1411
3.839	-1.5042
3.855	-0.10819
3.871	0.68851
3.887	0.88453
3.903	0.78148
3.919	0.6962
3.935	0.72228
3.951	0.76204
3.967	0.7449
3.983	0.75564
3.999	0.93526
4.015	1.2951
4.031	1.6627
4.047	1.8044
4.062	1.5975
4.078	1.1313
4.094	0.71924
4.11	0.8296
4.126	1.9026
4.142	4.0513
4.158	6.8004
4.174	9.1354
4.19	9.9908
4.206	8.9174
4.222	6.4101
4.238	3.5958
4.254	1.5338
4.27	0.6877
4.286	0.88539
4.302	1.6213
4.318	2.3821
4.334	2.8379
4.35	2.9105
4.365	2.734
4.381	2.5127
4.397	2.362
4.413	2.2591
4.429	2.1183
4.445	1.8781
4.461	1.5026
4.477	0.93855
4.493	0.1234
4.509	-0.94246
4.525	-2.146
4.541	-3.3023
4.557	-4.253
4.573	-4.9352
4.589	-5.3699
4.605	-5.6067
4.621	-5.6875
4.637	-5.6489
4.653	-5.5274
4.668	-5.3267
4.684	-4.9615
4.7	-4.2397
4.716	-2.9543
4.732	-1.0798
4.748	1.0546
4.764	2.8036
4.78	3.5283
4.796	3.0142
4.812	1.6433
4.828	0.15315
4.844	-0.82668
4.86	-1.0896
4.876	-0.83194
4.892	-0.41711
4.908	-0.15918
4.924	-0.24239
4.94	-0.73429
4.956	-1.6056
4.971	-2.7241
4.987	-3.8461
5.003	-4.6506
5.019	-4.8435
5.035	-4.3171
5.051	-3.2766
5.067	-2.1987
5.083	-1.5656
5.099	-1.5169
5.115	-1.7173
5.131	-1.6248
5.147	-0.97522
5.163	-0.038893
5.179	0.61742
5.195	0.64372
5.211	0.19866
5.227	-0.22928
5.243	-0.2428
5.258	0.21057
5.274	0.90789
5.29	1.5661
5.306	1.9773
5.322	2.0296
5.338	1.712
5.354	1.1452
5.37	0.58436
5.386	0.34989
5.402	0.70591
5.418	1.7341
5.434	3.2458
5.45	4.7955
5.466	5.8509
5.482	6.0655
5.498	5.4729
5.514	4.4392
5.53	3.4057
5.545	2.6302
5.561	2.1149
5.577	1.7397
5.593	1.4517
5.609	1.3401
5.625	1.5455
5.641	2.0993
5.657	2.8406
5.673	3.4801
5.689	3.7562
5.705	3.5669
5.721	2.9986
5.737	2.2681
5.753	1.6256
5.769	1.2509
5.785	1.1666
5.801	1.213
5.817	1.1227
5.833	0.66672
5.848	-0.21621
5.864	-1.3905
5.88	-2.6007
5.896	-3.5962
5.912	-4.2342
5.928	-4.5258
5.944	-4.6202
5.96	-4.7288
5.976	-5.0077
5.992	-5.4477
6.008	-5.8463
6.024	-5.8856
6.04	-5.2744
6.056	-3.8862
6.072	-1.8613
6.088	0.36348
6.104	2.1592
6.12	2.9741
6.135	2.6445
6.151	1.5081
6.167	0.18396
6.183	-0.82584
6.199	-1.3863
6.215	-1.6594
6.231	-1.8516
6.247	-2.0468
6.263	-2.236
6.279	-2.4233
6.295	-2.6422
6.311	-2.8747
6.327	-3.0145
6.343	-2.9672
6.359	-2.7868
6.375	-2.654
6.391	-2.6704
6.407	-2.6922
6.423	-2.4297
6.438	-1.7427
6.454	-0.81965
6.47	-0.045865
6.486	0.29895
6.502	0.22091
6.518	-0.049734
6.534	-0.24075
6.55	-0.17778
6.566	0.16415
6.582	0.67228
6.598	1.1639
6.614	1.4952
6.63	1.6349
6.646	1.6348
6.662	1.5529
6.678	1.468
6.694	1.5918
6.71	2.2794
6.725	3.7665
6.741	5.8036
6.757	7.6069
6.773	8.3176
6.789	7.6111
6.805	5.8974
6.821	3.9569
6.837	2.4027
6.853	1.4439
6.869	1.0267
6.885	1.0657
6.901	1.499
6.917	2.1914
6.933	2.8913
6.949	3.3385
6.965	3.4164
6.981	3.1906
6.997	2.8154
7.013	2.4158
7.028	2.0404
7.044	1.6789
7.06	1.2839
7.076	0.77826
7.092	0.081134
7.108	-0.83586
7.124	-1.9045
7.14	-2.9771
7.156	-3.9009
7.172	-4.5907
7.188	-5.0471
7.204	-5.3145
7.22	-5.4283
7.236	-5.399
7.252	-5.2355
7.268	-4.9663
7.284	-4.624
7.3	-4.1974
7.316	-3.5971
7.331	-2.6848
7.347	-1.3793
7.363	0.21447
7.379	1.7558
7.395	2.7771
7.411	2.9168
7.427	2.1297
7.443	0.72112
7.459	-0.81412
7.475	-2.0257
7.491	-2.6678
7.507	-2.732
7.523	-2.395
7.539	-1.937
7.555	-1.6469
7.571	-1.7158
7.587	-2.1527
7.603	-2.7845
7.618	-3.3539
7.634	-3.6483
7.65	-3.5719
7.666	-3.1412
7.682	-2.4607
7.698	-1.7075
7.714	-1.0878
7.73	-0.73383
7.746	-0.60837
7.762	-0.52661
7.778	-0.30044
7.794	0.11818
7.81	0.61903
7.826	1.0383
7.842	1.2853
7.858	1.4006
7.874	1.5114
7.89	1.7022
7.906	1.8899
7.921	1.8424
7.937	1.4158
7.953	0.85917
7.969	0.86455
7.985	2.1579
8.001	4.8416
8.017	8.05
8.033	10.344
8.049	10.643
8.065	8.9406
8.081	6.2105
8.097	3.6478
8.113	1.9345
8.129	1.0791
8.145	0.77443
8.161	0.81404
8.177	1.1896
8.193	1.8935
8.208	2.7299
8.224	3.363
8.24	3.5398
8.256	3.2594
8.272	2.7457
8.288	2.2776
8.304	2.0196
8.32	1.9503
8.336	1.8999
8.352	1.6573
8.368	1.0891
8.384	0.20736
8.4	-0.85089
8.416	-1.9112
8.432	-2.8531
8.448	-3.6477
8.463	-4.3297
8.48	-4.9306
8.496	-5.4189
8.511	-5.6902
8.527	-5.622
8.543	-5.163
8.559	-4.3951
8.575	-3.5152
8.591	-2.7335
8.607	-2.1508
8.623	-1.7008
8.639	-1.2092
8.655	-0.53896
8.671	0.28276
8.687	1.0566
8.703	1.5406
8.719	1.6197
8.735	1.3799
8.751	1.0337
8.767	0.77426
8.783	0.68059
8.798	0.71732
8.814	0.77702
8.83	0.71132
8.846	0.36851
8.862	-0.32532
8.878	-1.2771
8.894	-2.2294
8.91	-2.9012
8.926	-3.1762
8.942	-3.1721
8.958	-3.1142
8.974	-3.128
8.99	-3.154
9.006	-3.0639
9.022	-2.8307
9.038	-2.5463
9.054	-2.2771
9.07	-1.9591
9.085	-1.4811
9.101	-0.84761
9.117	-0.20865
9.133	0.27923
9.149	0.58335
9.165	0.77994
9.181	0.95153
9.197	1.1322
9.213	1.3317
9.229	1.5633
9.245	1.8144
9.261	1.9875
9.277	1.8995
9.293	1.4135
9.309	0.68539
9.325	0.32954
9.341	1.2176
9.357	3.8371
9.372	7.6232
9.388	10.965
9.404	12.147
9.42	10.57
9.436	7.1809
9.452	3.7342
9.468	1.6051
9.484	1.121
9.5	1.734
9.516	2.6303
9.532	3.2423
9.548	3.4155
9.564	3.2801
9.58	3.0094
9.596	2.6604
9.612	2.1876
9.628	1.5629
9.644	0.85531
9.66	0.19321
9.675	-0.33923
9.691	-0.76882
9.707	-1.2099
9.723	-1.7776
9.739	-2.506
9.755	-3.3204
9.771	-4.0753
9.787	-4.6327
9.803	-4.9326
9.819	-5.016
9.835	-4.9857
9.851	-4.9278
9.867	-4.8391
9.883	-4.6003
9.899	-4.0208
9.915	-2.9476
9.931	-1.4
9.947	0.34487
9.962	1.8032
9.978	2.5004
9.994	2.2547
10.01	1.3277
10.026	0.29506
10.042	-0.296
10.058	-0.23998
10.074	0.25465
10.09	0.74539
10.106	0.83178
10.122	0.35716
10.138	-0.54665
10.154	-1.564
10.17	-2.3769
10.186	-2.8141
10.202	-2.8874
10.218	-2.7272
10.234	-2.504
10.249	-2.3917
10.265	-2.5414
10.281	-3.0097
10.297	-3.6632
10.313	-4.165
10.329	-4.1292
10.345	-3.384
10.361	-2.1423
10.377	-0.89863
10.393	-0.10296
10.409	0.12002
10.425	-0.021365
10.441	-0.20875
10.457	-0.23903
10.473	-0.090155
10.489	0.15528
10.505	0.40501
10.521	0.56576
10.536	0.49518
10.552	0.080525
10.568	-0.44256
10.584	-0.2081
10.6	1.9536
10.616	6.4306
10.632	11.851
10.648	15.484
10.664	15.128
10.68	10.893
10.696	5.1253
10.712	0.60104
10.728	-1.3013
10.744	-1.0142
10.76	0.099221
10.776	0.87132
10.792	0.88793
10.808	0.38899
10.823	-0.14747
10.839	-0.38477
10.855	-0.29052
10.871	-0.072838
10.887	0.0075005
10.903	-0.19257
10.919	-0.64377
10.935	-1.2112
10.951	-1.7692
10.967	-2.2752
10.983	-2.7617
10.999	-3.2679
11.015	-3.7747
11.031	-4.1949
11.047	-4.4284
11.062	-4.4366
11.079	-4.2797
11.095	-4.0879
11.11	-3.9868
11.126	-4.0208
11.142	-4.1098
11.158	-4.0567
11.174	-3.6131
11.19	-2.6004
11.206	-1.058
11.222	0.67329
11.238	2.0426
11.254	2.5613
11.27	2.0986
11.286	0.97928
11.302	-0.20725
11.318	-0.95752
11.334	-1.1159
11.35	-0.885
11.366	-0.61714
11.382	-0.56391
11.397	-0.75261
11.413	-1.0426
11.429	-1.2851
11.445	-1.4558
11.461	-1.6726
11.477	-2.104
11.493	-2.8374
11.509	-3.7834
11.525	-4.6595
11.541	-5.0766
11.557	-4.7265
11.573	-3.6064
11.589	-2.1293
11.605	-0.95596
11.621	-0.57268
11.637	-0.91856
11.653	-1.4271
11.669	-1.5041
11.684	-1.0219
11.7	-0.36745
11.716	-0.026566
11.732	-0.13121
11.748	-0.38511
11.764	-0.38013
11.78	0.018176
11.796	0.5439
11.812	0.76545
11.828	0.52805
11.844	0.27904
11.86	0.94477
11.876	3.2755
11.892	7.0378
11.908	10.778
11.924	12.602
11.94	11.515
11.956	8.1612
11.971	4.2793
11.987	1.4164
12.003	0.072145
12.019	-0.15704
12.035	0.13237
12.051	0.65544
12.067	1.4099
12.083	2.3629
12.099	3.2708
12.115	3.7964
12.131	3.7608
12.147	3.2726
12.163	2.6349
12.179	2.1341
12.195	1.872
12.211	1.7323
12.227	1.4777
12.243	0.90664
12.258	-0.024268
12.274	-1.1883
12.29	-2.3817
12.306	-3.4402
12.322	-4.2884
12.338	-4.906
12.354	-5.267
12.37	-5.3277
12.386	-5.0833
12.402	-4.6397
12.418	-4.2194
12.434	-4.0615
12.45	-4.2555
12.466	-4.6126
12.482	-4.6825
12.498	-3.961
12.514	-2.2156
12.53	0.25459
12.545	2.6423
12.561	4.0169
12.577	3.8728
12.593	2.439
12.609	0.48956
12.625	-1.1796
12.641	-2.1702
12.657	-2.517
12.673	-2.4507
12.689	-2.1871
12.705	-1.893
12.721	-1.7317
12.737	-1.8377
12.753	-2.2111
12.769	-2.6727
12.785	-2.9798
12.801	-3.0186
12.817	-2.8844
12.832	-2.7546
12.848	-2.6802
12.864	-2.5116
12.88	-2.0458
12.896	-1.2589
12.912	-0.4002
12.928	0.1561
12.944	0.19475
12.96	-0.14306
12.976	-0.4212
12.992	-0.22221
13.008	0.49544
13.024	1.292
13.04	1.5598
13.056	1.1079
13.072	0.57086
13.088	1.1795
13.104	3.8412
13.119	8.1361
13.135	12.19
13.151	13.824
13.167	12.166
13.183	8.2563
13.199	4.1376
13.215	1.3696
13.231	0.29095
13.247	0.35305
13.263	0.85576
13.279	1.3804
13.295	1.7875
13.311	2.0521
13.327	2.1709
13.343	2.1612
13.359	2.0665
13.375	1.9315
13.391	1.7743
13.406	1.5807
13.422	1.309
13.438	0.89881
13.454	0.29486
13.47	-0.51299
13.486	-1.4631
13.502	-2.4374
13.518	-3.3091
13.534	-3.9883
13.55	-4.4416
13.566	-4.6892
13.582	-4.7901
13.598	-4.8199
13.614	-4.843
13.63	-4.8804
13.646	-4.8787
13.662	-4.6966
13.678	-4.14
13.693	-3.0622
13.709	-1.4975
13.725	0.26334
13.741	1.7488
13.757	2.5303
13.773	2.4572
13.789	1.7201
13.805	0.69041
13.821	-0.32361
13.837	-1.2056
13.853	-1.9781
13.869	-2.6733
13.885	-3.2691
13.901	-3.7297
13.917	-4.0732
13.933	-4.3637
13.949	-4.6108
13.965	-4.6816
13.981	-4.3466
13.996	-3.4686
14.012	-2.1878
14.028	-0.91188
14.044	-0.063313
14.06	0.22365
14.076	0.17426
14.092	0.13484
14.108	0.26498
14.124	0.46295
14.14	0.55349
14.156	0.49664
14.172	0.41535
14.188	0.47211
14.204	0.74324
14.22	1.1697
14.236	1.5754
14.252	1.7454
14.268	1.5803
14.283	1.2817
14.299	1.4058
14.315	2.5905
14.331	5
14.347	7.9149
14.363	9.9738
14.379	10.051
14.395	8.0747
14.411	5.058
14.427	2.339
14.443	0.727
14.459	0.22823
14.475	0.40048
14.491	0.85527
14.507	1.4505
14.523	2.1439
14.539	2.8089
14.555	3.2502
14.571	3.3625
14.586	3.2201
14.602	2.9985
14.618	2.8245
14.634	2.7013
14.65	2.5475
14.666	2.2757
14.682	1.8348
14.698	1.2059
14.714	0.38803
14.73	-0.60174
14.746	-1.7184
14.762	-2.884
14.778	-3.9917
14.794	-4.9144
14.81	-5.5191
14.826	-5.7055
14.842	-5.471
14.857	-4.9623
14.873	-4.4395
14.889	-4.1281
14.905	-4.038
14.921	-3.903
14.937	-3.3339
14.953	-2.1135
14.969	-0.42725
14.985	1.1658
15.001	2.0416
15.017	1.9013
15.033	0.95686
15.049	-0.235
15.064	-1.1599
15.081	-1.6463
15.097	-1.8716
15.113	-2.1296
15.129	-2.5922
15.145	-3.2314
15.16	-3.8941
15.176	-4.4124
15.192	-4.6708
15.208	-4.6257
15.224	-4.2998
15.24	-3.7592
15.256	-3.0699
15.272	-2.2583
15.288	-1.3172
15.304	-0.27603
15.32	0.72473
15.336	1.458
15.352	1.7599
15.368	1.6797
15.384	1.4662
15.4	1.3834
15.416	1.5229
15.432	1.7671
15.447	1.9015
15.463	1.7914
15.479	1.5492
15.495	1.609
15.511	2.5728
15.527	4.7786
15.543	7.8326
15.559	10.576
15.575	11.704
15.591	10.639
15.607	7.9078
15.623	4.7372
15.639	2.2757
15.655	1.0782
15.671	1.0704
15.687	1.7882
15.703	2.6557
15.719	3.2231
15.735	3.3237
15.75	3.0681
15.766	2.6724
15.782	2.2748
15.798	1.8909
15.814	1.4904
15.83	1.0593
15.846	0.57849
15.862	-0.016318
15.878	-0.81004
15.894	-1.8249
15.91	-2.9643
15.926	-4.0436
15.942	-4.8861
15.958	-5.4087
15.974	-5.6416
15.99	-5.6805
16.006	-5.612
16.022	-5.4616
16.038	-5.1864
16.053	-4.6983
16.069	-3.9034
16.085	-2.7558
16.101	-1.3253
16.117	0.15758
16.133	1.3449
16.149	1.9224
16.165	1.7921
16.181	1.1401
16.197	0.31481
16.213	-0.39799
16.229	-0.922
16.245	-1.3617
16.261	-1.8642
16.277	-2.5054
16.293	-3.266
16.309	-4.0645
16.325	-4.7884
16.34	-5.3082
16.356	-5.4994
16.372	-5.2905
16.388	-4.7132
16.404	-3.9022
16.42	-3.0244
16.436	-2.1923
16.452	-1.4513
16.468	-0.84868
16.484	-0.47922
16.5	-0.40609
16.516	-0.51759
16.532	-0.50279
16.548	-0.042293
16.564	0.91446
16.58	2.038
16.596	2.8092
16.612	2.8897
16.628	2.3878
16.643	1.8259
16.659	1.8485
16.675	2.87
16.691	4.8351
16.707	7.1629
16.723	8.9184
16.739	9.2216
16.755	7.7563
16.771	5.0446
16.787	2.2106
16.803	0.32932
16.819	-0.16625
16.835	0.41287
16.851	1.3932
16.867	2.2132
16.883	2.6495
16.899	2.7716
16.915	2.7953
16.93	2.9413
16.946	3.3147
16.962	3.8388
16.978	4.3072
16.994	4.5309
17.01	4.4583
17.026	4.1671
17.042	3.7626
17.058	3.2923
17.074	2.7396
17.09	2.0668
17.106	1.2484
17.122	0.27717
17.138	-0.83252
17.154	-2.0329
17.17	-3.2412
17.186	-4.3677
17.202	-5.352
17.218	-6.1622
17.233	-6.7487
17.249	-7.0001
17.265	-6.7698
17.281	-5.9755
17.297	-4.6982
17.313	-3.1878
17.329	-1.7567
17.345	-0.6436
17.361	0.054916
17.377	0.35767
17.393	0.33508
17.409	0.071656
17.425	-0.33968
17.441	-0.80931
17.457	-1.2842
17.473	-1.768
17.489	-2.2921
17.505	-2.8549
17.52	-3.3932
17.536	-3.8203
17.552	-4.0949
17.568	-4.2545
17.584	-4.3813
17.6	-4.5246
17.616	-4.6312
17.632	-4.5353
17.648	-4.0348
17.664	-3.0372
17.68	-1.6916
17.696	-0.38805
17.712	0.43607
17.728	0.58465
17.744	0.26369
17.76	-0.045926
17.776	0.071539
17.792	0.67071
17.808	1.4036
17.823	1.7525
17.839	1.4174
17.855	0.68096
17.871	0.50291
17.887	2.083
17.903	5.9161
17.919	10.968
17.935	14.905
17.951	15.575
17.967	12.623
17.983	7.7189
17.999	3.2265
18.015	0.63646
18.031	0.042471
18.047	0.6633
18.062	1.5892
18.079	2.1961
18.095	2.2435
18.111	1.8342
18.126	1.2775
18.142	0.87372
18.158	0.73609
18.174	0.76863
18.19	0.78133
18.206	0.61758
18.222	0.20677
18.238	-0.44568
18.254	-1.2781
18.27	-2.1853
18.286	-3.044
18.302	-3.7554
18.318	-4.2756
18.334	-4.61
18.35	-4.7923
18.366	-4.873
18.382	-4.9094
18.398	-4.9312
18.413	-4.8911
18.429	-4.6511
18.445	-4.0428
18.461	-2.985
18.477	-1.5811
18.493	-0.12311
18.509	1.0169
18.525	1.5514
18.541	1.4006
18.557	0.70017
18.573	-0.30662
18.589	-1.4082
18.605	-2.4889
18.621	-3.4872
18.637	-4.3143
18.653	-4.834
18.669	-4.9293
18.685	-4.5959
18.7	-3.9714
18.716	-3.2692
18.732	-2.6603
18.748	-2.1872
18.764	-1.7669
18.78	-1.2824
18.796	-0.70188
18.812	-0.13573
18.828	0.22666
18.844	0.26851
18.86	0.061725
18.876	-0.16255
18.892	-0.17208
18.908	0.11274
18.924	0.58873
18.94	1.0656
18.956	1.394
18.972	1.5295
18.988	1.5148
19.003	1.4465
19.019	1.5099
19.035	2.0397
19.051	3.419
19.067	5.721
19.083	8.3538
19.099	10.182
19.115	10.227
19.131	8.3898
19.147	5.5388
19.163	2.9012
19.179	1.3366
19.195	1.0036
19.211	1.4844
19.227	2.1473
19.243	2.5101
19.259	2.4394
19.275	2.1097
19.291	1.7938
19.306	1.6562
19.322	1.6745
19.338	1.6936
19.354	1.5341
19.37	1.0852
19.386	0.34597
19.402	-0.58984
19.418	-1.5934
19.434	-2.5668
19.45	-3.4691
19.466	-4.2813
19.482	-4.9485
19.498	-5.3687
19.514	-5.4546
19.53	-5.218
19.546	-4.7956
19.562	-4.3783
19.578	-4.0796
19.593	-3.8331
19.609	-3.4103
19.625	-2.5796
19.641	-1.3147
19.657	0.10977
19.673	1.2386
19.689	1.7141
19.705	1.5117
19.721	0.94458
19.737	0.42764
19.753	0.18718
19.769	0.13786
19.785	-0.0027697
19.801	-0.48224
19.817	-1.3468
19.833	-2.4353
19.849	-3.4959
19.864	-4.3233
19.88	-4.8398
19.896	-5.095
19.912	-5.1983
19.928	-5.22
19.944	-5.1168
19.96	-4.7326
19.976	-3.901
19.992	-2.6121
20.008	-1.1319
20.024	0.069158
20.04	0.60243
20.056	0.46605
20.072	0.073921
20.088	-0.064783
20.104	0.26321
20.12	0.86829
20.136	1.3926
20.152	1.625
20.168	1.6172
20.183	1.5512
20.199	1.5284
20.215	1.5097
20.231	1.4924
20.247	1.7446
20.263	2.7644
20.279	4.8343
20.295	7.5137
20.311	9.6533
20.327	10.102
20.343	8.5536
20.359	5.7656
20.375	3.0047
20.391	1.2563
20.407	0.8031
20.423	1.302
20.439	2.1292
20.455	2.7405
20.47	2.8996
20.486	2.7047
20.502	2.428
20.518	2.29
20.534	2.3238
20.55	2.3995
20.566	2.3432
20.582	2.0391
20.598	1.4592
20.614	0.64179
20.63	-0.336
20.646	-1.3753
20.662	-2.3716
20.678	-3.2344
20.694	-3.9001
20.71	-4.3345
20.726	-4.5373
20.742	-4.5535
20.757	-4.473
20.773	-4.401
20.789	-4.4041
20.805	-4.4593
20.821	-4.4323
20.837	-4.1112
20.853	-3.3089
20.869	-2.0016
20.885	-0.4128
20.901	1.0413
20.917	1.9418
20.933	2.0824
20.949	1.5672
20.965	0.73194
20.981	-0.049741
20.997	-0.54934
21.013	-0.76075
21.029	-0.85696
21.044	-1.07
21.06	-1.5579
21.076	-2.3207
21.092	-3.2049
21.108	-3.9886
21.124	-4.4896
21.14	-4.6286
21.156	-4.4169
21.172	-3.9033
21.188	-3.1425
21.204	-2.2202
21.22	-1.2965
21.236	-0.58544
21.252	-0.24141
21.268	-0.239
21.284	-0.38576
21.3	-0.48369
21.316	-0.48411
21.332	-0.47408
21.347	-0.51351
21.363	-0.49967
21.379	-0.20608
21.395	0.5168
21.411	1.5319
21.427	2.3972
21.443	2.6617
21.459	2.3515
21.475	2.2226
21.491	3.3478
21.507	6.1497
21.523	9.7045
21.539	12.146
21.555	12.016
21.571	9.3685
21.587	5.6529
21.603	2.5979
21.619	1.1525
21.634	1.1951
21.65	1.9359
21.666	2.552
21.682	2.6441
21.698	2.317
21.714	1.9299
21.73	1.7594
21.746	1.822
21.762	1.9214
21.778	1.8135
21.794	1.3519
21.81	0.54897
21.826	-0.44975
21.842	-1.4525
21.858	-2.3234
21.874	-3.0366
21.89	-3.6454
21.906	-4.1989
21.922	-4.6844
21.937	-5.0461
21.953	-5.2457
21.969	-5.2942
21.985	-5.2201
22.001	-5.0066
22.017	-4.5606
22.033	-3.7621
22.049	-2.5733
22.065	-1.1299
22.081	0.26427
22.097	1.2631
22.113	1.6567
22.129	1.4832
22.145	0.98331
22.161	0.4178
22.177	-0.10893
22.193	-0.67553
22.208	-1.4075
22.224	-2.3137
22.24	-3.2472
22.256	-4.0118
22.272	-4.5015
22.288	-4.7382
22.304	-4.7838
22.32	-4.6245
22.336	-4.1532
22.352	-3.2821
22.368	-2.0865
22.384	-0.83374
22.4	0.1544
22.416	0.69187
22.432	0.80191
22.448	0.63524
22.463	0.35447
22.48	0.09738
22.496	-0.0088251
22.511	0.13021
22.527	0.51457
22.543	1.028
22.559	1.4982
22.575	1.7918
22.591	1.8683
22.607	1.7751
22.623	1.6264
22.639	1.6123
22.655	2.0117
22.671	3.1044
22.687	4.9292
22.703	7.0445
22.719	8.5963
22.735	8.7968
22.751	7.4803
22.767	5.254
22.783	3.112
22.798	1.8345
22.814	1.604
22.83	2.0408
22.846	2.5559
22.862	2.7375
22.878	2.5171
22.894	2.0751
22.91	1.6408
22.926	1.3577
22.942	1.2594
22.958	1.2942
22.974	1.342
22.99	1.2324
23.006	0.80493
23.022	0.0021539
23.038	-1.0728
23.054	-2.195
23.07	-3.1341
23.086	-3.7633
23.101	-4.0916
23.117	-4.2181
23.133	-4.2566
23.149	-4.276
23.165	-4.2825
23.181	-4.2423
23.197	-4.115
23.213	-3.8638
23.229	-3.4377
23.245	-2.7635
23.261	-1.7893
23.277	-0.57055
23.293	0.67627
23.309	1.6309
23.325	2.033
23.341	1.8396
23.357	1.247
23.373	0.55297
23.389	-0.029466
23.404	-0.46811
23.42	-0.86857
23.436	-1.3597
23.452	-2.0059
23.468	-2.7887
23.484	-3.6254
23.5	-4.3764
23.516	-4.8471
23.532	-4.842
23.548	-4.2942
23.564	-3.3844
23.58	-2.502
23.596	-2.0087
23.612	-1.9623
23.628	-2.0525
23.644	-1.8517
23.66	-1.1892
23.676	-0.31148
23.691	0.34535
23.707	0.56531
23.723	0.5432
23.739	0.67262
23.755	1.1657
23.771	1.8803
23.787	2.4678
23.803	2.6503
23.819	2.4134
23.835	2.0613
23.851	2.1421
23.867	3.2069
23.883	5.4113
23.899	8.1915
23.915	10.38
23.931	10.865
23.947	9.3507
23.963	6.5877
23.978	3.868
23.994	2.2251
24.01	1.9135
24.026	2.438
24.042	3.0115
24.058	3.0938
24.074	2.6563
24.09	2.0436
24.106	1.6167
24.122	1.4883
24.138	1.5108
24.154	1.4406
24.17	1.1076
24.186	0.48697
24.202	-0.32909
24.218	-1.2111
24.234	-2.0611
24.25	-2.8263
24.265	-3.4633
24.281	-3.9123
24.297	-4.1239
24.313	-4.1172
24.329	-4.0008
24.345	-3.9214
24.361	-3.9659
24.377	-4.0886
24.393	-4.1213
24.409	-3.8642
24.425	-3.2017
24.441	-2.1688
24.457	-0.93968
24.473	0.24158
24.489	1.1469
24.505	1.64
24.521	1.7231
24.537	1.5284
24.553	1.2404
24.568	0.98333
24.584	0.74792
24.6	0.41224
24.616	-0.15935
24.632	-1.0152
24.648	-2.09
24.664	-3.2626
24.68	-4.4265
24.696	-5.4834
24.712	-6.2523
24.728	-6.4086
24.744	-5.6002
24.76	-3.7522
24.776	-1.3422
24.792	0.68022
24.808	1.4309
24.824	0.73872
24.84	-0.67061
24.855	-1.6833
24.871	-1.5896
24.887	-0.49633
24.903	0.90675
24.919	1.9202
24.935	2.2534
24.951	2.0594
24.967	1.6928
24.983	1.4336
24.999	1.3536
25.015	1.3735
25.031	1.4452
25.047	1.7129
25.062	2.4997
25.079	4.0564
25.095	6.2129
25.111	8.2503
25.127	9.2284
25.143	8.608
25.158	6.6549
25.174	4.2709
25.19	2.4156
25.206	1.5862
25.222	1.6671
25.238	2.1428
25.254	2.4792
25.27	2.4283
25.286	2.0849
25.302	1.7079
25.318	1.4927
25.334	1.4673
25.35	1.5286
25.366	1.5233
25.382	1.3068
25.398	0.78783
25.414	-0.029323
25.43	-1.0317
25.446	-2.0455
25.461	-2.9219
25.477	-3.5978
25.493	-4.0948
25.509	-4.4727
25.525	-4.7752
25.541	-4.9998
25.557	-5.1023
25.573	-5.0258
25.589	-4.7295
25.605	-4.1979
25.621	-3.4334
25.637	-2.4568
25.653	-1.3303
25.669	-0.18906
25.685	0.76348
25.701	1.3306
25.717	1.4391
25.733	1.2043
25.749	0.86886
25.764	0.64196
25.78	0.56472
25.796	0.51092
25.812	0.31479
25.828	-0.091468
25.844	-0.64827
25.86	-1.2624
25.876	-1.929
25.892	-2.7619
25.908	-3.8815
25.924	-5.2114
25.94	-6.3321
25.956	-6.5652
25.972	-5.363
25.988	-2.8179
26.004	0.13335
26.02	2.143
26.036	2.3407
26.052	0.98012
26.067	-0.75902
26.083	-1.6769
26.099	-1.3871
26.115	-0.41227
26.131	0.42023
26.147	0.68224
26.163	0.57437
26.179	0.58958
26.195	1.0008
26.211	1.6635
26.227	2.2933
26.243	2.918
26.259	3.9991
26.275	5.9947
26.291	8.6984
26.307	11.045
26.323	11.741
26.339	10.26
26.355	7.2703
26.37	4.1399
26.386	2.0113
26.402	1.2293
26.418	1.3979
26.434	1.8252
26.45	1.9727
26.466	1.6751
26.482	1.0933
26.498	0.51527
26.514	0.1645
26.53	0.11451
26.546	0.29549
26.562	0.5348
26.578	0.60927
26.594	0.32446
26.61	-0.38961
26.626	-1.4269
26.642	-2.551
26.657	-3.5155
26.673	-4.1732
26.689	-4.5039
26.705	-4.5662
26.721	-4.4334
26.737	-4.1643
26.753	-3.817
26.769	-3.4744
26.785	-3.2304
26.801	-3.1226
26.817	-3.0591
26.833	-2.8312
26.849	-2.2455
26.864	-1.2944
26.881	-0.21662
26.897	0.62533
26.913	0.96413
26.929	0.77131
26.944	0.22465
26.96	-0.44781
26.976	-1.1036
26.992	-1.7072
27.008	-2.2666
27.024	-2.7784
27.04	-3.2332
27.056	-3.6388
27.072	-4.0019
27.088	-4.2739
27.104	-4.34
27.12	-4.0978
27.136	-3.5662
27.152	-2.9075
27.168	-2.3235
27.184	-1.9123
27.2	-1.6181
27.216	-1.3164
27.231	-0.94587
27.247	-0.55759
27.263	-0.24795
27.279	-0.066508
27.295	0.0064428
27.311	0.028149
27.327	0.080753
27.343	0.27385
27.359	0.68498
27.375	1.2431
27.391	1.7104
27.407	1.8934
27.423	1.9582
27.439	2.493
27.455	4.0909
27.471	6.7023
27.487	9.3703
27.503	10.737
27.518	9.9921
27.534	7.4499
27.55	4.2929
27.566	1.7704
27.582	0.53801
27.598	0.51074
27.614	1.1272
27.63	1.7426
27.646	1.9475
27.662	1.706
27.678	1.2709
27.694	0.9467
27.71	0.86886
27.726	0.94994
27.742	0.99022
27.758	0.82933
27.774	0.41847
27.79	-0.20519
27.805	-0.97472
27.821	-1.8153
27.837	-2.633
27.853	-3.3189
27.869	-3.7903
27.885	-4.0328
27.901	-4.0982
27.917	-4.0592
27.933	-3.9631
27.949	-3.8163
27.965	-3.6056
27.981	-3.3347
27.997	-3.0501
28.013	-2.8291
28.029	-2.7215
28.045	-2.6708
28.061	-2.4766
28.077	-1.8647
28.092	-0.67792
28.108	0.92012
28.124	2.4115
28.14	3.1685
28.156	2.8476
28.172	1.6288
28.188	0.092079
28.204	-1.162
28.22	-1.8342
28.236	-1.9787
28.252	-1.8359
28.268	-1.6393
28.284	-1.5318
28.3	-1.5949
28.316	-1.9049
28.332	-2.5286
28.348	-3.4388
28.364	-4.4233
28.379	-5.1038
28.395	-5.1089
28.411	-4.3197
28.427	-3.0169
28.443	-1.7829
28.459	-1.1547
28.475	-1.241
28.491	-1.6316
28.507	-1.7304
28.523	-1.2499
28.539	-0.41951
28.555	0.27805
28.571	0.56744
28.587	0.58744
28.603	0.6722
28.619	0.96269
28.635	1.2483
28.651	1.2122
28.667	0.89966
28.682	0.98876
28.698	2.4729
28.714	5.7744
28.73	9.9681
28.746	13.029
28.762	13.204
28.778	10.368
28.794	6.0767
28.81	2.335
28.826	0.29849
28.842	-0.081866
28.858	0.43864
28.874	1.0746
28.89	1.3888
28.906	1.3174
28.922	1.0012
28.938	0.60704
28.954	0.24761
28.97	-0.0069211
28.985	-0.11694
29.001	-0.11629
29.017	-0.15632
29.033	-0.45418
29.049	-1.1407
29.065	-2.1323
29.081	-3.1587
29.097	-3.9394
29.113	-4.3608
29.129	-4.5101
29.145	-4.5605
29.161	-4.62
29.177	-4.6711
29.193	-4.6323
29.209	-4.4649
29.225	-4.2136
29.241	-3.9422
29.257	-3.6237
29.273	-3.1039
29.288	-2.1996
29.304	-0.8773
29.32	0.62852
29.336	1.8769
29.352	2.4511
29.368	2.2048
29.384	1.3434
29.4	0.2833
29.416	-0.59332
29.432	-1.1129
29.448	-1.3249
29.463	-1.4017
29.48	-1.5214
29.496	-1.8008
29.512	-2.2843
29.528	-2.9606
29.544	-3.7735
29.56	-4.6053
29.576	-5.2507
29.591	-5.4348
29.607	-4.9301
29.623	-3.7453
29.639	-2.2395
29.655	-0.99299
29.671	-0.45382
29.687	-0.63216
29.703	-1.1263
29.719	-1.4583
29.735	-1.3997
29.751	-1.0218
29.767	-0.50775
29.783	0.041517
29.799	0.6489
29.815	1.3512
29.831	2.0473
29.847	2.4509
29.862	2.2628
29.879	1.5163
29.894	0.82548
29.91	1.1847
29.926	3.2604
29.942	6.6429
29.958	9.7956
29.974	10.982
29.99	9.5068
30.006	6.202
30.022	2.7625
30.038	0.59401
30.054	0.099263
30.07	0.74228
30.086	1.605
30.102	1.9827
30.118	1.699
30.134	1.0388
30.15	0.42896
30.166	0.13863
30.182	0.18445
30.197	0.41225
30.213	0.6116
30.229	0.58947
30.245	0.22669
30.261	-0.46607
30.277	-1.3371
30.293	-2.1679
30.309	-2.7944
30.325	-3.1832
30.341	-3.4067
30.357	-3.556
30.373	-3.667
30.389	-3.7039
30.405	-3.5984
30.421	-3.3183
30.437	-2.921
30.453	-2.5458
30.469	-2.3279
30.485	-2.2894
30.501	-2.2992
30.516	-2.1522
30.532	-1.7164
30.548	-1.0323
30.564	-0.28883
30.58	0.29702
30.596	0.60505
30.612	0.66003
30.628	0.58917
30.644	0.53144
30.66	0.56105
30.676	0.66762
30.692	0.79299
30.708	0.88666
30.724	0.93525
30.74	0.95033
30.756	0.93923
30.772	0.89536
30.788	0.81593
30.803	0.72132
30.819	0.64944
30.835	0.62942
30.851	0.66044
30.867	0.7147
30.883	0.76065
30.899	0.78698
30.915	0.80828
30.931	0.84716
30.947	0.90694
30.963	0.95882
30.979	0.95671
30.995	0.87092
31.011	0.71574
31.027	0.54906
31.043	0.44141
31.059	0.43275
31.075	0.50594
31.091	0.59676
31.106	0.63417
31.122	0.58181
31.138	0.4539
31.154	0.30322
31.17	0.19807
31.186	0.20054
31.202	0.34386
31.218	0.60845
31.234	0.91312
31.25	1.1416
31.266	1.2014
31.282	1.0794
31.298	0.85367
31.314	0.64957
31.33	0.57019
31.346	0.64562
31.362	0.8296
31.378	1.0376
31.394	1.1952
31.409	1.2656
31.425	1.2482
31.441	1.1593
31.457	1.0146
31.473	0.82208
31.489	0.58864
31.505	0.33289
31.521	0.096266
31.537	-0.055127
31.553	-0.043336
31.569	0.18674
31.585	0.61735
31.601	1.13
31.617	1.5423
31.633	1.7015
31.649	1.5628
31.665	1.1896
31.681	0.69421
31.697	0.18623
31.713	-0.23382
31.728	-0.46698
31.744	-0.43843
31.76	-0.14813
31.776	0.29815
31.792	0.72327
31.808	0.97409
31.824	1.0151
31.84	0.94351
31.856	0.90664
31.872	0.98535
31.888	1.1413
31.904	1.263
31.92	1.2585
31.936	1.1138
31.952	0.88646
31.968	0.66039
31.984	0.50199
32	0.43678
32.015	0.44766
32.031	0.49051
32.047	0.52006
32.063	0.51327
32.079	0.47782
32.095	0.4436
32.111	0.44544
32.127	0.50623
32.143	0.62425
32.159	0.76814
32.175	0.88644
32.191	0.93365
32.207	0.89832
32.223	0.80917
32.239	0.71019
32.255	0.62619
32.271	0.5513
32.287	0.46885
32.303	0.37779
32.318	0.2977
32.334	0.25193
32.35	0.25092
32.366	0.29039
32.382	0.35932
32.398	0.44693
32.414	0.5495
32.43	0.68224
32.446	0.88579
32.462	1.2018
32.478	1.6127
32.494	1.9906
32.51	2.1246
32.526	1.8405
32.542	1.1387
32.558	0.23988
32.574	-0.50953
32.59	-0.81542
32.605	-0.58689
32.621	0.020104
32.637	0.67936
32.653	1.0497
32.669	0.93981
32.685	0.40412
32.701	-0.29016
32.717	-0.81439
32.733	-0.96167
32.749	-0.74908
32.765	-0.37922
32.781	-0.094297
32.797	-0.025759
32.813	-0.14078
32.829	-0.31106
32.845	-0.43473
32.861	-0.50666
32.877	-0.58613
32.892	-0.7065
32.908	-0.82087
32.924	-0.83811
32.94	-0.71385
32.956	-0.50862
32.972	-0.35586
32.988	-0.36556
33.004	-0.54453
33.02	-0.79648
33.036	-0.9961
33.052	-1.0766
33.068	-1.0691
33.084	-1.0742
33.1	-1.1847
33.116	-1.4112
33.132	-1.6606
33.148	-1.7943
33.164	-1.7341
33.18	-1.5336
33.195	-1.35
33.211	-1.3299
33.227	-1.5048
33.243	-1.7819
33.259	-2.0299
33.275	-2.1718
33.291	-2.2074
33.307	-2.1657
33.323	-2.0527
33.339	-1.8539
33.355	-1.5821
33.371	-1.306
33.387	-1.1134
33.403	-1.0363
33.419	-1.0134
33.435	-0.93444
33.451	-0.73063
33.467	-0.43241
33.482	-0.1461
33.498	0.028471
33.514	0.073442
33.53	0.0655
33.546	0.11761
33.562	0.29242
33.578	0.55284
33.594	0.7931
33.61	0.93127
33.626	0.98577
33.642	1.0634
33.658	1.2624
33.674	1.5714
33.69	1.8504
33.706	1.9176
33.722	1.6835
33.738	1.2351
33.754	0.80231
33.77	0.62816
33.786	0.83032
33.801	1.3406
33.817	1.9432
33.833	2.3818
33.849	2.4827
33.865	2.2344
33.881	1.7777
33.897	1.3124
33.913	0.99106
33.929	0.86739
33.945	0.90929
33.961	1.0404
33.977	1.1789
33.993	1.2684
34.009	1.296
34.025	1.2881
34.041	1.2872
34.057	1.3259
34.073	1.4086
34.089	1.5033
34.104	1.5537
34.12	1.513
34.136	1.378
34.152	1.198
34.168	1.0467
34.184	0.98137
34.2	1.0156
34.216	1.1194
34.232	1.2381
34.248	1.3216
34.263	1.3563
34.28	1.3819
34.296	1.4607
34.312	1.5985
34.328	1.6878
34.344	1.5685
34.36	1.1861
34.376	0.69349
34.391	0.35415
34.407	0.30943
34.423	0.4427
34.439	0.49004
34.455	0.29255
34.471	-0.057915
34.487	-0.31122
34.503	-0.28667
34.519	-0.021059
34.535	0.28186
34.551	0.4324
34.567	0.39573
34.583	0.28056
34.599	0.21047
34.615	0.20849
34.631	0.19387
34.647	0.074947
34.662	-0.16032
34.679	-0.43454
34.694	-0.64395
34.71	-0.72769
34.726	-0.69321
34.742	-0.59906
34.758	-0.52164
34.774	-0.52168
34.79	-0.61405
34.806	-0.75316
34.822	-0.85506
34.838	-0.855
34.854	-0.76012
34.87	-0.64783
34.886	-0.604
34.902	-0.65145
34.918	-0.73128
34.934	-0.75403
34.95	-0.67559
34.966	-0.5337
34.982	-0.41785
34.997	-0.40199
35.013	-0.49388
35.029	-0.63331
35.045	-0.73359
35.061	-0.73544
35.077	-0.64046
35.093	-0.50592
35.109	-0.4057
35.125	-0.38378
35.141	-0.43308
35.157	-0.51159
35.173	-0.57745
35.189	-0.61256
35.205	-0.62235
35.221	-0.62151
35.237	-0.62127
35.253	-0.62449
35.269	-0.62741
35.285	-0.62615
35.3	-0.62405
35.316	-0.63065
35.332	-0.64811
35.348	-0.6574
35.364	-0.62539
35.38	-0.53645
35.396	-0.42255
35.412	-0.35862
35.428	-0.41843
35.444	-0.62251
35.46	-0.91819
35.476	-1.2068
35.492	-1.4009
35.508	-1.476
35.524	-1.4815
35.54	-1.5011
35.556	-1.586
35.572	-1.7145
35.588	-1.8119
35.603	-1.8149
35.619	-1.7231
35.635	-1.595
35.651	-1.4988
35.667	-1.4666
35.683	-1.488
35.699	-1.534
35.715	-1.5783
35.731	-1.5998
35.747	-1.5804
35.763	-1.5172
35.779	-1.4421
35.795	-1.4187
35.811	-1.5031
35.827	-1.6973
35.843	-1.9418
35.859	-2.1537
35.875	-2.2769
35.891	-2.3018
35.906	-2.2522
35.922	-2.1568
35.938	-2.0319
35.954	-1.884
35.97	-1.7257
35.986	-1.5829
36.002	-1.485
36.018	-1.4453
36.034	-1.4521
36.05	-1.4736
36.066	-1.4741
36.082	-1.429
36.098	-1.3347
36.114	-1.2052
36.13	-1.0588
36.146	-0.9095
36.162	-0.76891
36.178	-0.65332
36.194	-0.57763
36.209	-0.5364
36.225	-0.49536
36.241	-0.41337
36.257	-0.28008
36.273	-0.12935
36.289	-0.0099815
36.305	0.058099
36.321	0.097257
36.337	0.14401
36.353	0.21183
36.369	0.28194
36.385	0.32455
36.401	0.3237
36.417	0.28476
36.433	0.2283
36.449	0.18257
36.464	0.17642
36.481	0.22686
36.497	0.32567
36.512	0.43819
36.528	0.52024
36.544	0.54281
36.56	0.50886
36.576	0.453
36.592	0.42332
36.608	0.45314
36.624	0.53991
36.64	0.64856
36.656	0.73826
36.672	0.7903
36.688	0.81449
36.704	0.83251
36.72	0.85513
36.736	0.87091
36.752	0.85323
36.768	0.78106
36.784	0.66206
36.8	0.5404
36.815	0.47425
36.831	0.49033
36.847	0.55377
36.863	0.59173
36.879	0.55951
36.895	0.48561
36.911	0.44481
36.927	0.48443
36.943	0.57874
36.959	0.65219
36.975	0.64191
36.991	0.5432
37.007	0.4096
37.023	0.31659
37.039	0.31662
37.055	0.41342
37.071	0.56682
37.087	0.71723
37.103	0.80933
37.118	0.806
37.134	0.69716
37.15	0.50749
37.166	0.29513
37.182	0.13052
37.198	0.06012
37.214	0.079644
37.23	0.14249
37.246	0.20146
37.262	0.2476
37.278	0.30665
37.294	0.39334
37.31	0.4717
37.326	0.47094
37.342	0.35209
37.358	0.16247
37.374	0.018414
37.39	0.020131
37.405	0.16649
37.421	0.34571
37.437	0.42158
37.453	0.35486
37.469	0.25548
37.485	0.29685
37.501	0.53405
37.517	0.78592
37.533	0.74163
37.549	0.25817
37.565	-0.43134
37.581	-0.85707
37.597	-0.69932
37.613	-0.044002
37.629	0.71351
37.645	1.1724
37.661	1.1609
37.677	0.77175
37.692	0.25275
37.708	-0.13786
37.724	-0.24625
37.74	-0.083511
37.756	0.19552
37.772	0.39564
37.788	0.40117
37.804	0.22982
37.82	0.0015346
37.836	-0.13947
37.852	-0.10666
37.868	0.074994
37.884	0.27556
37.9	0.34078
37.916	0.20811
37.932	-0.030863
37.948	-0.19256
37.964	-0.15519
37.979	0.033263
37.995	0.20695
38.011	0.24786
38.027	0.19057
38.043	0.15796
38.059	0.21354
38.075	0.3021
38.091	0.32989
38.107	0.27227
38.123	0.18886
38.139	0.15081
38.155	0.17345
38.171	0.21837
38.187	0.24627
38.203	0.25836
38.219	0.28439
38.235	0.33253
38.251	0.3589
38.266	0.30179
38.282	0.15764
38.298	0.017455
38.314	0.0084065
38.33	0.18448
38.346	0.47204
38.362	0.72229
38.378	0.81808
38.394	0.74352
38.41	0.57268
38.426	0.40069
38.442	0.27381
38.458	0.17272
38.474	0.065788
38.49	-0.015479
38.506	0.042146
38.522	0.36864
38.538	1.014
38.554	1.8823
38.569	2.7246
38.585	3.2192
38.601	3.1432
38.617	2.538
38.633	1.7026
38.649	0.98099
38.665	0.51414
38.681	0.17654
38.697	-0.2484
38.713	-0.8165
38.729	-1.3206
38.745	-1.4276
38.761	-0.94502
38.777	-0.0060517
38.793	0.98448
38.809	1.6122
38.825	1.7103
38.841	1.4082
38.856	0.97885
38.872	0.65326
38.888	0.51887
38.904	0.50214
38.92	0.42792
38.936	0.15744
38.952	-0.28377
38.968	-0.722
38.984	-0.98656
39	-1.0376
39.016	-0.96709
39.032	-0.9197
39.048	-1.018
39.063	-1.3181
39.08	-1.7868
39.096	-2.3037
39.112	-2.6969
39.128	-2.8114
39.143	-2.5872
39.159	-2.1082
39.175	-1.5775
39.191	-1.2134
39.207	-1.1221
39.223	-1.2354
39.239	-1.3614
39.255	-1.3105
39.271	-1.0088
39.287	-0.53044
39.303	-0.04858
39.319	0.25562
39.335	0.28083
39.351	0.055764
39.367	-0.27485
39.383	-0.53283
39.399	-0.61619
39.415	-0.56103
39.431	-0.5042
39.446	-0.57049
39.462	-0.76612
39.478	-0.9524
39.494	-0.92098
39.51	-0.53752
39.526	0.13116
39.542	0.81725
39.558	1.2151
39.574	1.1854
39.59	0.82124
39.606	0.33958
39.622	-0.070348
39.638	-0.31658
39.654	-0.38802
39.67	-0.31627
39.686	-0.1539
39.702	0.036321
39.718	0.19745
39.733	0.29909
39.749	0.34544
39.765	0.35991
39.781	0.36057
39.797	0.3518
39.813	0.33681
39.829	0.32853
39.845	0.34061
39.861	0.36962
39.877	0.39335
39.893	0.38978
39.909	0.35555
39.925	0.30652
39.941	0.26479
39.957	0.24421
39.973	0.24208
39.989	0.24246
40.005	0.2305
40.021	0.20416
40.036	0.17281
40.052	0.15031
40.068	0.15023
40.084	0.17804
40.1	0.22283
40.116	0.26414
40.132	0.29145
40.148	0.31109
40.164	0.33116
40.18	0.34576
40.196	0.33876
40.212	0.29941
40.228	0.22875
40.244	0.1343
40.26	0.030422
40.276	-0.052995
40.292	-0.075911
40.308	-0.019434
40.324	0.083682
40.339	0.15888
40.355	0.14579
40.371	0.054741
